8 8 8 8 8 8 8 8 8 8 8 8 2 p 8 8 8 8 8 8 8 8 8 8 2 p 8 8 8 8 8 8 8 8 8 8 2 p 8 8 8 8 8 8 8 8 8 8 2 p 8 8 8 8 8 8 8 8 8 8 2 p 8 8 8 8 8 8 8 8 8 8 2 p 8 8 8 8 8 8 8 8 8 8 2 p 8 8 8 8 8 8 8 8 8 8 2 p 8 8 8 8 8 8 8 8 8 8 2 p 8 8 8 8 8 8 8 8 8 8 2 p 8 8 8 8 8 8 8 8 8 8 
8 8 8 8 8 8 8 8 2 2 2 8 2 p 8 8 8 8 8 8 8 8 8 8 2 p 8 8 8 8 8 8 8 8 8 8 2 p 8 8 8 8 8 8 8 8 8 8 2 p 8 8 8 8 8 8 8 8 8 8 2 p 8 8 8 8 8 8 8 8 8 8 2 p 8 8 8 8 8 8 8 8 8 8 2 p 8 8 8 8 8 8 8 8 8 8 2 p 8 8 8 8 8 8 8 8 8 8 2 p 8 8 8 8 8 8 8 8 8 8 2 p 8 8 8 8 8 8 8 8 8 8 
8 8 8 8 8 8 8 8 2 2 2 8 2 p 8 8 8 8 8 8 8 8 8 8 2 p 8 8 8 8 8 8 8 8 8 8 2 p 8 8 8 8 8 8 8 8 8 8 2 p 8 8 8 8 8 8 8 8 8 8 2 p 8 8 8 8 8 8 8 8 8 8 2 p 8 8 8 8 8 8 8 8 8 8 2 p 8 8 8 8 8 8 8 8 8 8 2 p 8 8 8 8 8 8 8 8 8 8 2 p 8 8 8 8 8 8 8 8 8 8 2 p 8 8 8 8 8 8 8 8 8 8 
8 8 8 8 8 8 8 8 2 2 2 8 2 p 8 8 8 8 8 8 8 8 8 8 2 p 8 8 8 8 8 8 8 8 8 8 2 p 8 8 8 8 8 8 8 8 8 8 2 p 8 8 8 8 8 8 8 8 8 8 2 p 8 8 8 8 8 8 8 8 8 8 2 p 8 8 8 8 8 8 8 8 8 8 2 p 8 8 8 8 8 8 8 8 8 8 2 p 8 8 8 8 8 8 8 8 8 8 2 p 8 8 8 8 8 8 8 8 8 8 2 p 8 8 8 8 8 8 8 8 8 8 
8 8 8 8 8 8 8 8 8 8 8 8 2 p 8 8 8 8 8 8 8 8 8 8 2 p 8 8 8 8 8 8 8 8 8 8 2 p 8 8 8 8 8 8 8 8 8 8 2 p 8 8 8 8 8 8 8 8 8 8 2 p 8 8 8 8 8 8 8 8 8 8 2 p 8 8 8 8 8 8 8 8 8 8 2 p 8 8 8 8 8 8 8 8 8 8 2 p 8 8 8 8 8 8 8 8 8 8 2 p 8 8 8 8 8 8 8 8 8 8 2 p 8 8 8 8 8 8 8 8 8 8
8 8 8 8 8 8 8 8 8 8 8 8 2 p 8 8 8 8 8 8 8 8 8 8 2 p 8 8 8 8 8 8 8 8 8 8 2 p 8 8 8 8 8 8 8 8 8 8 2 p 8 8 8 8 8 8 8 8 8 8 2 p 8 8 8 8 8 8 8 8 8 8 2 p 8 8 8 8 8 8 8 8 8 8 2 p 8 8 8 8 8 8 8 8 8 8 2 p 8 8 8 8 8 8 8 8 8 8 2 p 8 8 8 8 8 8 8 8 8 8 2 p 8 8 8 8 8 8 8 8 8 8 
8 8 8 8 8 8 8 8 8 8 8 8 2 p 8 8 8 8 8 8 8 8 8 8 2 p 8 8 8 8 8 8 8 8 8 8 2 p 8 8 8 8 8 8 8 8 8 8 2 p 8 8 8 8 8 8 8 8 8 8 2 p 8 8 8 8 8 8 8 8 8 8 2 p 8 8 8 8 8 8 8 8 8 8 2 p 8 8 8 8 8 8 8 8 8 8 2 p 8 8 8 8 8 8 8 8 8 8 2 p 8 8 8 8 8 8 8 8 8 8 2 p 8 8 8 8 8 8 8 8 8 8 
8 8 8 8 8 8 8 8 8 8 8 8 2 p 8 8 8 8 8 8 8 8 8 8 2 p 8 8 8 8 8 8 8 8 8 8 2 p 8 8 8 8 8 8 8 8 8 8 2 p 8 8 8 8 8 8 8 8 8 8 2 p 8 8 8 8 8 8 8 8 8 8 2 p 8 8 8 8 8 8 8 8 8 8 2 p 8 8 8 8 8 8 8 8 8 8 2 p 8 8 8 8 8 8 8 8 8 8 2 p 8 8 8 8 8 8 8 8 8 8 2 p 8 8 8 8 8 8 8 8 8 8 
8 8 8 8 8 8 8 8 8 8 8 8 2 p 8 8 8 8 8 8 8 8 8 8 2 p 8 8 8 8 8 8 8 8 8 8 2 p 8 8 8 8 8 8 8 8 8 8 2 p 8 8 8 8 8 8 8 8 8 8 2 p 8 8 8 8 8 8 8 8 8 8 2 p 8 8 8 8 8 8 8 8 8 8 2 p 8 8 8 8 8 8 8 8 8 8 2 p 8 8 8 8 8 8 8 8 8 8 2 p 8 8 8 8 8 8 8 8 8 8 2 p 8 8 8 8 8 8 8 8 8 8 
8 8 8 8 8 8 8 8 8 8 8 8 2 p 8 8 8 8 8 8 8 8 8 8 2 p 8 8 8 8 8 8 8 8 8 8 2 p 8 8 8 8 8 8 8 8 8 8 2 p 8 8 8 8 8 8 8 8 8 8 2 p 8 8 8 8 8 8 8 8 8 8 2 p 8 8 8 8 8 8 8 8 8 8 2 p 8 8 8 8 8 8 8 8 8 8 2 p 8 8 8 8 8 8 8 8 8 8 2 p 8 8 8 8 8 8 8 8 8 8 2 p 8 8 8 8 8 8 8 8 8 8 2 p 8 8 8 8 8 8 8 8 8 8 2 p 8 8 8 8 8 8 8 8 8 8 2 p 8 8 8 8 8 8 8 8 8 8 2 p 8 8 8 8 8 8 8 8 8 8 2 p 8 8 8 8 8 8 8 8 8 8 2 p 8 8 8 8 8 8 8 8 8 8 2 p 8 8 8 8 8 8 8 8 8 8 2 p 8 8 8 8 8 8 8 8 8 8 2 p 8 8 8 8 8 8 8 8 8 8 2 p 8 8 8 8 8 8 8 8 8 8 2 p 8 8 8 8 8 8 8 8 8 8 
8 0 1 p 0 1 2 2 1 2 0 8 2 p 8 8 8 8 8 8 8 8 8 8 2 p 8 8 8 8 8 8 8 8 8 8 2 p 8 8 8 8 8 8 8 8 8 8 2 p 8 8 8 8 8 8 8 8 8 8 2 p 8 8 8 8 8 8 8 8 8 8 2 p 8 8 8 8 8 8 8 8 8 8 2 p 8 8 8 8 8 8 8 8 8 8 2 p 8 8 8 8 8 8 8 8 8 8 2 p 8 8 8 8 8 8 8 8 8 8 2 p 8 8 8 8 8 8 8 8 8 8 
8 0 2 1 p 2 2 0 1 2 0 8 2 p 8 8 8 8 8 8 8 8 8 8 2 p 8 8 8 8 8 8 8 8 8 8 2 p 8 8 8 8 8 8 8 8 8 8 2 p 8 8 8 8 8 8 8 8 8 8 2 p 8 8 8 8 8 8 8 8 8 8 2 p 8 8 8 8 8 8 8 8 8 8 2 p 8 8 8 8 8 8 8 8 8 8 2 p 8 8 8 8 8 8 8 8 8 8 2 p 8 8 8 8 8 8 8 8 8 8 2 p 8 8 8 8 8 8 8 8 8 8 
8 0 1 2 0 1 2 2 1 2 0 8 2 p 8 8 8 8 8 8 8 8 8 8 2 p 8 8 8 8 8 8 8 8 8 8 2 p 8 8 8 8 8 8 8 8 8 8 2 p 8 8 8 8 8 8 8 8 8 8 2 p 8 8 8 8 8 8 8 8 8 8 2 p 8 8 8 8 8 8 8 8 8 8 2 p 8 8 8 8 8 8 8 8 8 8 2 p 8 8 8 8 8 8 8 8 8 8 2 p 8 8 8 8 8 8 8 8 8 8 2 p 8 8 8 8 8 8 8 8 8 8 
8 0 1 0 0 1 2 1 1 2 1 8 2 p 8 8 8 8 8 8 8 8 8 8 2 p 8 8 8 8 8 8 8 8 8 8 2 p 8 8 8 8 8 8 8 8 8 8 2 p 8 8 8 8 8 8 8 8 8 8 2 p 8 8 8 8 8 8 8 8 8 8 2 p 8 8 8 8 8 8 8 8 8 8 2 p 8 8 8 8 8 8 8 8 8 8 2 p 8 8 8 8 8 8 8 8 8 8 2 p 8 8 8 8 8 8 8 8 8 8 2 p 8 8 8 8 8 8 8 8 8 8 2 p 8 8 8 8 8 8 8 8 8 8 2 p 8 8 8 8 8 8 8 8 8 8 2 p 8 8 8 8 8 8 8 8 8 8 2 p 8 8 8 8 8 8 8 8 8 8 2 p 8 8 8 8 8 8 8 8 8 8 2 p 8 8 8 8 8 8 8 8 8 8 2 p 8 8 8 8 8 8 8 8 8 8 2 p 8 8 8 8 8 8 8 8 8 8 2 p 8 8 8 8 8 8 8 8 8 8 2 p 8 8 8 8 8 8 8 8 8 8 2 p 8 8 8 8 8 8 8 8 8 8 
8 0 1 p 0 1 2 2 1 2 0 8 2 p 8 8 8 8 8 8 8 8 8 8 2 p 8 8 8 8 8 8 8 8 8 8 2 p 8 8 8 8 8 8 8 8 8 8 2 p 8 8 8 8 8 8 8 8 8 8 2 p 8 8 8 8 8 8 8 8 8 8 2 p 8 8 8 8 8 8 8 8 8 8 2 p 8 8 8 8 8 8 8 8 8 8 2 p 8 8 8 8 8 8 8 8 8 8 2 p 8 8 8 8 8 8 8 8 8 8 2 p 8 8 8 8 8 8 8 8 8 8 
8 0 2 1 p 2 2 0 1 2 0 8 2 p 8 8 8 8 8 8 8 8 8 8 2 p 8 8 8 8 8 8 8 8 8 8 2 p 8 8 8 8 8 8 8 8 8 8 2 p 8 8 8 8 8 8 8 8 8 8 2 p 8 8 8 8 8 8 8 8 8 8 2 p 8 8 8 8 8 8 8 8 8 8 2 p 8 8 8 8 8 8 8 8 8 8 2 p 8 8 8 8 8 8 8 8 8 8 2 p 8 8 8 8 8 8 8 8 8 8 2 p 8 8 8 8 8 8 8 8 8 8 
8 0 1 2 0 1 2 2 1 2 0 8 2 p 8 8 8 8 8 8 8 8 8 8 2 p 8 8 8 8 8 8 8 8 8 8 2 p 8 8 8 8 8 8 8 8 8 8 2 p 8 8 8 8 8 8 8 8 8 8 2 p 8 8 8 8 8 8 8 8 8 8 2 p 8 8 8 8 8 8 8 8 8 8 2 p 8 8 8 8 8 8 8 8 8 8 2 p 8 8 8 8 8 8 8 8 8 8 2 p 8 8 8 8 8 8 8 8 8 8 2 p 8 8 8 8 8 8 8 8 8 8 
8 0 1 0 0 1 2 1 1 2 1 8 2 p 8 8 8 8 8 8 8 8 8 8 2 p 8 8 8 8 8 8 8 8 8 8 2 p 8 8 8 8 8 8 8 8 8 8 2 p 8 8 8 8 8 8 8 8 8 8 2 p 8 8 8 8 8 8 8 8 8 8 2 p 8 8 8 8 8 8 8 8 8 8 2 p 8 8 8 8 8 8 8 8 8 8 2 p 8 8 8 8 8 8 8 8 8 8 2 p 8 8 8 8 8 8 8 8 8 8 2 p 8 8 8 8 8 8 8 8 8 8 2 p 8 8 8 8 8 8 8 8 8 8 2 p 8 8 8 8 8 8 8 8 8 8 2 p 8 8 8 8 8 8 8 8 8 8 2 p 8 8 8 8 8 8 8 8 8 8 2 p 8 8 8 8 8 8 8 8 8 8 2 p 8 8 8 8 8 8 8 8 8 8 2 p 8 8 8 8 8 8 8 8 8 8 2 p 8 8 8 8 8 8 8 8 8 8 2 p 8 8 8 8 8 8 8 8 8 8 2 p 8 8 8 8 8 8 8 8 8 8 2 p 8 8 8 8 8 8 8 8 8 8 
8 0 1 p 0 1 2 2 1 2 0 8 2 p 8 8 8 8 8 8 8 8 8 8 2 p 8 8 8 8 8 8 8 8 8 8 2 p 8 8 8 8 8 8 8 8 8 8 2 p 8 8 8 8 8 8 8 8 8 8 2 p 8 8 8 8 8 8 8 8 8 8 2 p 8 8 8 8 8 8 8 8 8 8 2 p 8 8 8 8 8 8 8 8 8 8 2 p 8 8 8 8 8 8 8 8 8 8 2 p 8 8 8 8 8 8 8 8 8 8 2 p 8 8 8 8 8 8 8 8 8 8 
8 0 2 1 p 2 2 0 1 2 0 8 2 p 8 8 8 8 8 8 8 8 8 8 2 p 8 8 8 8 8 8 8 8 8 8 2 p 8 8 8 8 8 8 8 8 8 8 2 p 8 8 8 8 8 8 8 8 8 8 2 p 8 8 8 8 8 8 8 8 8 8 2 p 8 8 8 8 8 8 8 8 8 8 2 p 8 8 8 8 8 8 8 8 8 8 2 p 8 8 8 8 8 8 8 8 8 8 2 p 8 8 8 8 8 8 8 8 8 8 2 p 8 8 8 8 8 8 8 8 8 8 
8 0 1 2 0 1 2 2 1 2 0 8 2 p 8 8 8 8 8 8 8 8 8 8 2 p 8 8 8 8 8 8 8 8 8 8 2 p 8 8 8 8 8 8 8 8 8 8 2 p 8 8 8 8 8 8 8 8 8 8 2 p 8 8 8 8 8 8 8 8 8 8 2 p 8 8 8 8 8 8 8 8 8 8 2 p 8 8 8 8 8 8 8 8 8 8 2 p 8 8 8 8 8 8 8 8 8 8 2 p 8 8 8 8 8 8 8 8 8 8 2 p 8 8 8 8 8 8 8 8 8 8 
8 0 1 0 0 1 2 1 1 2 1 8 2 p 8 8 8 8 8 8 8 8 8 8 2 p 8 8 8 8 8 8 8 8 8 8 2 p 8 8 8 8 8 8 8 8 8 8 2 p 8 8 8 8 8 8 8 8 8 8 2 p 8 8 8 8 8 8 8 8 8 8 2 p 8 8 8 8 8 8 8 8 8 8 2 p 8 8 8 8 8 8 8 8 8 8 2 p 8 8 8 8 8 8 8 8 8 8 2 p 8 8 8 8 8 8 8 8 8 8 2 p 8 8 8 8 8 8 8 8 8 8 2 p 8 8 8 8 8 8 8 8 8 8 2 p 8 8 8 8 8 8 8 8 8 8 2 p 8 8 8 8 8 8 8 8 8 8 2 p 8 8 8 8 8 8 8 8 8 8 2 p 8 8 8 8 8 8 8 8 8 8 2 p 8 8 8 8 8 8 8 8 8 8 2 p 8 8 8 8 8 8 8 8 8 8 2 p 8 8 8 8 8 8 8 8 8 8 2 p 8 8 8 8 8 8 8 8 8 8 2 p 8 8 8 8 8 8 8 8 8 8 2 p 8 8 8 8 8 8 8 8 8 8 
8 0 1 p 0 1 2 2 1 2 0 8 2 p 8 8 8 8 8 8 8 8 8 8 2 p 8 8 8 8 8 8 8 8 8 8 2 p 8 8 8 8 8 8 8 8 8 8 2 p 8 8 8 8 8 8 8 8 8 8 2 p 8 8 8 8 8 8 8 8 8 8 2 p 8 8 8 8 8 8 8 8 8 8 2 p 8 8 8 8 8 8 8 8 8 8 2 p 8 8 8 8 8 8 8 8 8 8 2 p 8 8 8 8 8 8 8 8 8 8 2 p 8 8 8 8 8 8 8 8 8 8 
8 0 2 1 p 2 2 0 1 2 0 8 2 p 8 8 8 8 8 8 8 8 8 8 2 p 8 8 8 8 8 8 8 8 8 8 2 p 8 8 8 8 8 8 8 8 8 8 2 p 8 8 8 8 8 8 8 8 8 8 2 p 8 8 8 8 8 8 8 8 8 8 2 p 8 8 8 8 8 8 8 8 8 8 2 p 8 8 8 8 8 8 8 8 8 8 2 p 8 8 8 8 8 8 8 8 8 8 2 p 8 8 8 8 8 8 8 8 8 8 2 p 8 8 8 8 8 8 8 8 8 8 
8 0 1 2 0 1 2 2 1 2 0 8 2 p 8 8 8 8 8 8 8 8 8 8 2 p 8 8 8 8 8 8 8 8 8 8 2 p 8 8 8 8 8 8 8 8 8 8 2 p 8 8 8 8 8 8 8 8 8 8 2 p 8 8 8 8 8 8 8 8 8 8 2 p 8 8 8 8 8 8 8 8 8 8 2 p 8 8 8 8 8 8 8 8 8 8 2 p 8 8 8 8 8 8 8 8 8 8 2 p 8 8 8 8 8 8 8 8 8 8 2 p 8 8 8 8 8 8 8 8 8 8 
8 0 1 0 0 1 2 1 1 2 1 8 2 p 8 8 8 8 8 8 8 8 8 8 2 p 8 8 8 8 8 8 8 8 8 8 2 p 8 8 8 8 8 8 8 8 8 8 2 p 8 8 8 8 8 8 8 8 8 8 2 p 8 8 8 8 8 8 8 8 8 8 2 p 8 8 8 8 8 8 8 8 8 8 2 p 8 8 8 8 8 8 8 8 8 8 2 p 8 8 8 8 8 8 8 8 8 8 2 p 8 8 8 8 8 8 8 8 8 8 2 p 8 8 8 8 8 8 8 8 8 8 2 p 8 8 8 8 8 8 8 8 8 8 2 p 8 8 8 8 8 8 8 8 8 8 2 p 8 8 8 8 8 8 8 8 8 8 2 p 8 8 8 8 8 8 8 8 8 8 2 p 8 8 8 8 8 8 8 8 8 8 2 p 8 8 8 8 8 8 8 8 8 8 2 p 8 8 8 8 8 8 8 8 8 8 2 p 8 8 8 8 8 8 8 8 8 8 2 p 8 8 8 8 8 8 8 8 8 8 2 p 8 8 8 8 8 8 8 8 8 8 2 p 8 8 8 8 8 8 8 8 8 8 
8 0 1 p 0 1 2 2 1 2 0 8 2 p 8 8 8 8 8 8 8 8 8 8 2 p 8 8 8 8 8 8 8 8 8 8 2 p 8 8 8 8 8 8 8 8 8 8 2 p 8 8 8 8 8 8 8 8 8 8 2 p 8 8 8 8 8 8 8 8 8 8 2 p 8 8 8 8 8 8 8 8 8 8 2 p 8 8 8 8 8 8 8 8 8 8 2 p 8 8 8 8 8 8 8 8 8 8 2 p 8 8 8 8 8 8 8 8 8 8 2 p 8 8 8 8 8 8 8 8 8 8 
8 0 2 1 p 2 2 0 1 2 0 8 2 p 8 8 8 8 8 8 8 8 8 8 2 p 8 8 8 8 8 8 8 8 8 8 2 p 8 8 8 8 8 8 8 8 8 8 2 p 8 8 8 8 8 8 8 8 8 8 2 p 8 8 8 8 8 8 8 8 8 8 2 p 8 8 8 8 8 8 8 8 8 8 2 p 8 8 8 8 8 8 8 8 8 8 2 p 8 8 8 8 8 8 8 8 8 8 2 p 8 8 8 8 8 8 8 8 8 8 2 p 8 8 8 8 8 8 8 8 8 8 
8 0 1 2 0 1 2 2 1 2 0 8 2 p 8 8 8 8 8 8 8 8 8 8 2 p 8 8 8 8 8 8 8 8 8 8 2 p 8 8 8 8 8 8 8 8 8 8 2 p 8 8 8 8 8 8 8 8 8 8 2 p 8 8 8 8 8 8 8 8 8 8 2 p 8 8 8 8 8 8 8 8 8 8 2 p 8 8 8 8 8 8 8 8 8 8 2 p 8 8 8 8 8 8 8 8 8 8 2 p 8 8 8 8 8 8 8 8 8 8 2 p 8 8 8 8 8 8 8 8 8 8 
8 0 1 0 0 1 2 1 1 2 1 8 2 p 8 8 8 8 8 8 8 8 8 8 2 p 8 8 8 8 8 8 8 8 8 8 2 p 8 8 8 8 8 8 8 8 8 8 2 p 8 8 8 8 8 8 8 8 8 8 2 p 8 8 8 8 8 8 8 8 8 8 2 p 8 8 8 8 8 8 8 8 8 8 2 p 8 8 8 8 8 8 8 8 8 8 2 p 8 8 8 8 8 8 8 8 8 8 2 p 8 8 8 8 8 8 8 8 8 8 2 p 8 8 8 8 8 8 8 8 8 8 2 p 8 8 8 8 8 8 8 8 8 8 2 p 8 8 8 8 8 8 8 8 8 8 2 p 8 8 8 8 8 8 8 8 8 8 2 p 8 8 8 8 8 8 8 8 8 8 2 p 8 8 8 8 8 8 8 8 8 8 2 p 8 8 8 8 8 8 8 8 8 8 2 p 8 8 8 8 8 8 8 8 8 8 2 p 8 8 8 8 8 8 8 8 8 8 2 p 8 8 8 8 8 8 8 8 8 8 2 p 8 8 8 8 8 8 8 8 8 8 2 p 8 8 8 8 8 8 8 8 8 8 
8 0 1 p 0 1 2 2 1 2 0 8 2 p 8 8 8 8 8 8 8 8 8 8 2 p 8 8 8 8 8 8 8 8 8 8 2 p 8 8 8 8 8 8 8 8 8 8 2 p 8 8 8 8 8 8 8 8 8 8 2 p 8 8 8 8 8 8 8 8 8 8 2 p 8 8 8 8 8 8 8 8 8 8 2 p 8 8 8 8 8 8 8 8 8 8 2 p 8 8 8 8 8 8 8 8 8 8 2 p 8 8 8 8 8 8 8 8 8 8 2 p 8 8 8 8 8 8 8 8 8 8 
8 0 2 1 p 2 2 0 1 2 0 8 2 p 8 8 8 8 8 8 8 8 8 8 2 p 8 8 8 8 8 8 8 8 8 8 2 p 8 8 8 8 8 8 8 8 8 8 2 p 8 8 8 8 8 8 8 8 8 8 2 p 8 8 8 8 8 8 8 8 8 8 2 p 8 8 8 8 8 8 8 8 8 8 2 p 8 8 8 8 8 8 8 8 8 8 2 p 8 8 8 8 8 8 8 8 8 8 2 p 8 8 8 8 8 8 8 8 8 8 2 p 8 8 8 8 8 8 8 8 8 8 
8 0 1 2 0 1 2 2 1 2 0 8 2 p 8 8 8 8 8 8 8 8 8 8 2 p 8 8 8 8 8 8 8 8 8 8 2 p 8 8 8 8 8 8 8 8 8 8 2 p 8 8 8 8 8 8 8 8 8 8 2 p 8 8 8 8 8 8 8 8 8 8 2 p 8 8 8 8 8 8 8 8 8 8 2 p 8 8 8 8 8 8 8 8 8 8 2 p 8 8 8 8 8 8 8 8 8 8 2 p 8 8 8 8 8 8 8 8 8 8 2 p 8 8 8 8 8 8 8 8 8 8 
8 0 1 0 0 1 2 1 1 2 1 8 2 p 8 8 8 8 8 8 8 8 8 8 2 p 8 8 8 8 8 8 8 8 8 8 2 p 8 8 8 8 8 8 8 8 8 8 2 p 8 8 8 8 8 8 8 8 8 8 2 p 8 8 8 8 8 8 8 8 8 8 2 p 8 8 8 8 8 8 8 8 8 8 2 p 8 8 8 8 8 8 8 8 8 8 2 p 8 8 8 8 8 8 8 8 8 8 2 p 8 8 8 8 8 8 8 8 8 8 2 p 8 8 8 8 8 8 8 8 8 8 2 p 8 8 8 8 8 8 8 8 8 8 2 p 8 8 8 8 8 8 8 8 8 8 2 p 8 8 8 8 8 8 8 8 8 8 2 p 8 8 8 8 8 8 8 8 8 8 2 p 8 8 8 8 8 8 8 8 8 8 2 p 8 8 8 8 8 8 8 8 8 8 2 p 8 8 8 8 8 8 8 8 8 8 2 p 8 8 8 8 8 8 8 8 8 8 2 p 8 8 8 8 8 8 8 8 8 8 2 p 8 8 8 8 8 8 8 8 8 8 2 p 8 8 8 8 8 8 8 8 8 8 
8 0 1 p 0 1 2 2 1 2 0 8 2 p 8 8 8 8 8 8 8 8 8 8 2 p 8 8 8 8 8 8 8 8 8 8 2 p 8 8 8 8 8 8 8 8 8 8 2 p 8 8 8 8 8 8 8 8 8 8 2 p 8 8 8 8 8 8 8 8 8 8 2 p 8 8 8 8 8 8 8 8 8 8 2 p 8 8 8 8 8 8 8 8 8 8 2 p 8 8 8 8 8 8 8 8 8 8 2 p 8 8 8 8 8 8 8 8 8 8 2 p 8 8 8 8 8 8 8 8 8 8 
8 0 2 1 p 2 2 0 1 2 0 8 2 p 8 8 8 8 8 8 8 8 8 8 2 p 8 8 8 8 8 8 8 8 8 8 2 p 8 8 8 8 8 8 8 8 8 8 2 p 8 8 8 8 8 8 8 8 8 8 2 p 8 8 8 8 8 8 8 8 8 8 2 p 8 8 8 8 8 8 8 8 8 8 2 p 8 8 8 8 8 8 8 8 8 8 2 p 8 8 8 8 8 8 8 8 8 8 2 p 8 8 8 8 8 8 8 8 8 8 2 p 8 8 8 8 8 8 8 8 8 8 
8 0 1 2 0 1 2 2 1 2 0 8 2 p 8 8 8 8 8 8 8 8 8 8 2 p 8 8 8 8 8 8 8 8 8 8 2 p 8 8 8 8 8 8 8 8 8 8 2 p 8 8 8 8 8 8 8 8 8 8 2 p 8 8 8 8 8 8 8 8 8 8 2 p 8 8 8 8 8 8 8 8 8 8 2 p 8 8 8 8 8 8 8 8 8 8 2 p 8 8 8 8 8 8 8 8 8 8 2 p 8 8 8 8 8 8 8 8 8 8 2 p 8 8 8 8 8 8 8 8 8 8 
8 0 1 0 0 1 2 1 1 2 1 8 2 p 8 8 8 8 8 8 8 8 8 8 2 p 8 8 8 8 8 8 8 8 8 8 2 p 8 8 8 8 8 8 8 8 8 8 2 p 8 8 8 8 8 8 8 8 8 8 2 p 8 8 8 8 8 8 8 8 8 8 2 p 8 8 8 8 8 8 8 8 8 8 2 p 8 8 8 8 8 8 8 8 8 8 2 p 8 8 8 8 8 8 8 8 8 8 2 p 8 8 8 8 8 8 8 8 8 8 2 p 8 8 8 8 8 8 8 8 8 8 2 p 8 8 8 8 8 8 8 8 8 8 2 p 8 8 8 8 8 8 8 8 8 8 2 p 8 8 8 8 8 8 8 8 8 8 2 p 8 8 8 8 8 8 8 8 8 8 2 p 8 8 8 8 8 8 8 8 8 8 2 p 8 8 8 8 8 8 8 8 8 8 2 p 8 8 8 8 8 8 8 8 8 8 2 p 8 8 8 8 8 8 8 8 8 8 2 p 8 8 8 8 8 8 8 8 8 8 2 p 8 8 8 8 8 8 8 8 8 8 2 p 8 8 8 8 8 8 8 8 8 8 
8 0 1 p 0 1 2 2 1 2 0 8 2 p 8 8 8 8 8 8 8 8 8 8 2 p 8 8 8 8 8 8 8 8 8 8 2 p 8 8 8 8 8 8 8 8 8 8 2 p 8 8 8 8 8 8 8 8 8 8 2 p 8 8 8 8 8 8 8 8 8 8 2 p 8 8 8 8 8 8 8 8 8 8 2 p 8 8 8 8 8 8 8 8 8 8 2 p 8 8 8 8 8 8 8 8 8 8 2 p 8 8 8 8 8 8 8 8 8 8 2 p 8 8 8 8 8 8 8 8 8 8 
8 0 2 1 p 2 2 0 1 2 0 8 2 p 8 8 8 8 8 8 8 8 8 8 2 p 8 8 8 8 8 8 8 8 8 8 2 p 8 8 8 8 8 8 8 8 8 8 2 p 8 8 8 8 8 8 8 8 8 8 2 p 8 8 8 8 8 8 8 8 8 8 2 p 8 8 8 8 8 8 8 8 8 8 2 p 8 8 8 8 8 8 8 8 8 8 2 p 8 8 8 8 8 8 8 8 8 8 2 p 8 8 8 8 8 8 8 8 8 8 2 p 8 8 8 8 8 8 8 8 8 8 
8 0 1 2 0 1 2 2 1 2 0 8 2 p 8 8 8 8 8 8 8 8 8 8 2 p 8 8 8 8 8 8 8 8 8 8 2 p 8 8 8 8 8 8 8 8 8 8 2 p 8 8 8 8 8 8 8 8 8 8 2 p 8 8 8 8 8 8 8 8 8 8 2 p 8 8 8 8 8 8 8 8 8 8 2 p 8 8 8 8 8 8 8 8 8 8 2 p 8 8 8 8 8 8 8 8 8 8 2 p 8 8 8 8 8 8 8 8 8 8 2 p 8 8 8 8 8 8 8 8 8 8 
8 0 1 0 0 1 2 1 1 2 1 8 2 p 8 8 8 8 8 8 8 8 8 8 2 p 8 8 8 8 8 8 8 8 8 8 2 p 8 8 8 8 8 8 8 8 8 8 2 p 8 8 8 8 8 8 8 8 8 8 2 p 8 8 8 8 8 8 8 8 8 8 2 p 8 8 8 8 8 8 8 8 8 8 2 p 8 8 8 8 8 8 8 8 8 8 2 p 8 8 8 8 8 8 8 8 8 8 2 p 8 8 8 8 8 8 8 8 8 8 2 p 8 8 8 8 8 8 8 8 8 8 2 p 8 8 8 8 8 8 8 8 8 8 2 p 8 8 8 8 8 8 8 8 8 8 2 p 8 8 8 8 8 8 8 8 8 8 2 p 8 8 8 8 8 8 8 8 8 8 2 p 8 8 8 8 8 8 8 8 8 8 2 p 8 8 8 8 8 8 8 8 8 8 2 p 8 8 8 8 8 8 8 8 8 8 2 p 8 8 8 8 8 8 8 8 8 8 2 p 8 8 8 8 8 8 8 8 8 8 2 p 8 8 8 8 8 8 8 8 8 8 2 p 8 8 8 8 8 8 8 8 8 8 
8 0 1 p 0 1 2 2 1 2 0 8 2 p 8 8 8 8 8 8 8 8 8 8 2 p 8 8 8 8 8 8 8 8 8 8 2 p 8 8 8 8 8 8 8 8 8 8 2 p 8 8 8 8 8 8 8 8 8 8 2 p 8 8 8 8 8 8 8 8 8 8 2 p 8 8 8 8 8 8 8 8 8 8 2 p 8 8 8 8 8 8 8 8 8 8 2 p 8 8 8 8 8 8 8 8 8 8 2 p 8 8 8 8 8 8 8 8 8 8 2 p 8 8 8 8 8 8 8 8 8 8 
8 0 2 1 p 2 2 0 1 2 0 8 2 p 8 8 8 8 8 8 8 8 8 8 2 p 8 8 8 8 8 8 8 8 8 8 2 p 8 8 8 8 8 8 8 8 8 8 2 p 8 8 8 8 8 8 8 8 8 8 2 p 8 8 8 8 8 8 8 8 8 8 2 p 8 8 8 8 8 8 8 8 8 8 2 p 8 8 8 8 8 8 8 8 8 8 2 p 8 8 8 8 8 8 8 8 8 8 2 p 8 8 8 8 8 8 8 8 8 8 2 p 8 8 8 8 8 8 8 8 8 8 
8 0 1 2 0 1 2 2 1 2 0 8 2 p 8 8 8 8 8 8 8 8 8 8 2 p 8 8 8 8 8 8 8 8 8 8 2 p 8 8 8 8 8 8 8 8 8 8 2 p 8 8 8 8 8 8 8 8 8 8 2 p 8 8 8 8 8 8 8 8 8 8 2 p 8 8 8 8 8 8 8 8 8 8 2 p 8 8 8 8 8 8 8 8 8 8 2 p 8 8 8 8 8 8 8 8 8 8 2 p 8 8 8 8 8 8 8 8 8 8 2 p 8 8 8 8 8 8 8 8 8 8 
8 0 1 0 0 1 2 1 1 2 1 8 2 p 8 8 8 8 8 8 8 8 8 8 2 p 8 8 8 8 8 8 8 8 8 8 2 p 8 8 8 8 8 8 8 8 8 8 2 p 8 8 8 8 8 8 8 8 8 8 2 p 8 8 8 8 8 8 8 8 8 8 2 p 8 8 8 8 8 8 8 8 8 8 2 p 8 8 8 8 8 8 8 8 8 8 2 p 8 8 8 8 8 8 8 8 8 8 2 p 8 8 8 8 8 8 8 8 8 8 2 p 8 8 8 8 8 8 8 8 8 8 2 p 8 8 8 8 8 8 8 8 8 8 2 p 8 8 8 8 8 8 8 8 8 8 2 p 8 8 8 8 8 8 8 8 8 8 2 p 8 8 8 8 8 8 8 8 8 8 2 p 8 8 8 8 8 8 8 8 8 8 2 p 8 8 8 8 8 8 8 8 8 8 2 p 8 8 8 8 8 8 8 8 8 8 2 p 8 8 8 8 8 8 8 8 8 8 2 p 8 8 8 8 8 8 8 8 8 8 2 p 8 8 8 8 8 8 8 8 8 8 2 p 8 8 8 8 8 8 8 8 8 8 
8 0 1 p 0 1 2 2 1 2 0 8 2 p 8 8 8 8 8 8 8 8 8 8 2 p 8 8 8 8 8 8 8 8 8 8 2 p 8 8 8 8 8 8 8 8 8 8 2 p 8 8 8 8 8 8 8 8 8 8 2 p 8 8 8 8 8 8 8 8 8 8 2 p 8 8 8 8 8 8 8 8 8 8 2 p 8 8 8 8 8 8 8 8 8 8 2 p 8 8 8 8 8 8 8 8 8 8 2 p 8 8 8 8 8 8 8 8 8 8 2 p 8 8 8 8 8 8 8 8 8 8 
8 0 2 1 p 2 2 0 1 2 0 8 2 p 8 8 8 8 8 8 8 8 8 8 2 p 8 8 8 8 8 8 8 8 8 8 2 p 8 8 8 8 8 8 8 8 8 8 2 p 8 8 8 8 8 8 8 8 8 8 2 p 8 8 8 8 8 8 8 8 8 8 2 p 8 8 8 8 8 8 8 8 8 8 2 p 8 8 8 8 8 8 8 8 8 8 2 p 8 8 8 8 8 8 8 8 8 8 2 p 8 8 8 8 8 8 8 8 8 8 2 p 8 8 8 8 8 8 8 8 8 8 
8 0 1 2 0 1 2 2 1 2 0 8 2 p 8 8 8 8 8 8 8 8 8 8 2 p 8 8 8 8 8 8 8 8 8 8 2 p 8 8 8 8 8 8 8 8 8 8 2 p 8 8 8 8 8 8 8 8 8 8 2 p 8 8 8 8 8 8 8 8 8 8 2 p 8 8 8 8 8 8 8 8 8 8 2 p 8 8 8 8 8 8 8 8 8 8 2 p 8 8 8 8 8 8 8 8 8 8 2 p 8 8 8 8 8 8 8 8 8 8 2 p 8 8 8 8 8 8 8 8 8 8 
8 0 1 0 0 1 2 1 1 2 1 8 2 p 8 8 8 8 8 8 8 8 8 8 2 p 8 8 8 8 8 8 8 8 8 8 2 p 8 8 8 8 8 8 8 8 8 8 2 p 8 8 8 8 8 8 8 8 8 8 2 p 8 8 8 8 8 8 8 8 8 8 2 p 8 8 8 8 8 8 8 8 8 8 2 p 8 8 8 8 8 8 8 8 8 8 2 p 8 8 8 8 8 8 8 8 8 8 2 p 8 8 8 8 8 8 8 8 8 8 2 p 8 8 8 8 8 8 8 8 8 8 2 p 8 8 8 8 8 8 8 8 8 8 2 p 8 8 8 8 8 8 8 8 8 8 2 p 8 8 8 8 8 8 8 8 8 8 2 p 8 8 8 8 8 8 8 8 8 8 2 p 8 8 8 8 8 8 8 8 8 8 2 p 8 8 8 8 8 8 8 8 8 8 2 p 8 8 8 8 8 8 8 8 8 8 2 p 8 8 8 8 8 8 8 8 8 8 2 p 8 8 8 8 8 8 8 8 8 8 2 p 8 8 8 8 8 8 8 8 8 8 2 p 8 8 8 8 8 8 8 8 8 8 
8 0 1 p 0 1 2 2 1 2 0 8 2 p 8 8 8 8 8 8 8 8 8 8 2 p 8 8 8 8 8 8 8 8 8 8 2 p 8 8 8 8 8 8 8 8 8 8 2 p 8 8 8 8 8 8 8 8 8 8 2 p 8 8 8 8 8 8 8 8 8 8 2 p 8 8 8 8 8 8 8 8 8 8 2 p 8 8 8 8 8 8 8 8 8 8 2 p 8 8 8 8 8 8 8 8 8 8 2 p 8 8 8 8 8 8 8 8 8 8 2 p 8 8 8 8 8 8 8 8 8 8 
8 0 2 1 p 2 2 0 1 2 0 8 2 p 8 8 8 8 8 8 8 8 8 8 2 p 8 8 8 8 8 8 8 8 8 8 2 p 8 8 8 8 8 8 8 8 8 8 2 p 8 8 8 8 8 8 8 8 8 8 2 p 8 8 8 8 8 8 8 8 8 8 2 p 8 8 8 8 8 8 8 8 8 8 2 p 8 8 8 8 8 8 8 8 8 8 2 p 8 8 8 8 8 8 8 8 8 8 2 p 8 8 8 8 8 8 8 8 8 8 2 p 8 8 8 8 8 8 8 8 8 8 
8 0 1 2 0 1 2 2 1 2 0 8 2 p 8 8 8 8 8 8 8 8 8 8 2 p 8 8 8 8 8 8 8 8 8 8 2 p 8 8 8 8 8 8 8 8 8 8 2 p 8 8 8 8 8 8 8 8 8 8 2 p 8 8 8 8 8 8 8 8 8 8 2 p 8 8 8 8 8 8 8 8 8 8 2 p 8 8 8 8 8 8 8 8 8 8 2 p 8 8 8 8 8 8 8 8 8 8 2 p 8 8 8 8 8 8 8 8 8 8 2 p 8 8 8 8 8 8 8 8 8 8 
8 0 1 0 0 1 2 1 1 2 1 8 2 p 8 8 8 8 8 8 8 8 8 8 2 p 8 8 8 8 8 8 8 8 8 8 2 p 8 8 8 8 8 8 8 8 8 8 2 p 8 8 8 8 8 8 8 8 8 8 2 p 8 8 8 8 8 8 8 8 8 8 2 p 8 8 8 8 8 8 8 8 8 8 2 p 8 8 8 8 8 8 8 8 8 8 2 p 8 8 8 8 8 8 8 8 8 8 2 p 8 8 8 8 8 8 8 8 8 8 2 p 8 8 8 8 8 8 8 8 8 8 2 p 8 8 8 8 8 8 8 8 8 8 2 p 8 8 8 8 8 8 8 8 8 8 2 p 8 8 8 8 8 8 8 8 8 8 2 p 8 8 8 8 8 8 8 8 8 8 2 p 8 8 8 8 8 8 8 8 8 8 2 p 8 8 8 8 8 8 8 8 8 8 2 p 8 8 8 8 8 8 8 8 8 8 2 p 8 8 8 8 8 8 8 8 8 8 2 p 8 8 8 8 8 8 8 8 8 8 2 p 8 8 8 8 8 8 8 8 8 8 2 p 8 8 8 8 8 8 8 8 8 8 
8 0 1 p 0 1 2 2 1 2 0 8 2 p 8 8 8 8 8 8 8 8 8 8 2 p 8 8 8 8 8 8 8 8 8 8 2 p 8 8 8 8 8 8 8 8 8 8 2 p 8 8 8 8 8 8 8 8 8 8 2 p 8 8 8 8 8 8 8 8 8 8 2 p 8 8 8 8 8 8 8 8 8 8 2 p 8 8 8 8 8 8 8 8 8 8 2 p 8 8 8 8 8 8 8 8 8 8 2 p 8 8 8 8 8 8 8 8 8 8 2 p 8 8 8 8 8 8 8 8 8 8 
8 0 2 1 p 2 2 0 1 2 0 8 2 p 8 8 8 8 8 8 8 8 8 8 2 p 8 8 8 8 8 8 8 8 8 8 2 p 8 8 8 8 8 8 8 8 8 8 2 p 8 8 8 8 8 8 8 8 8 8 2 p 8 8 8 8 8 8 8 8 8 8 2 p 8 8 8 8 8 8 8 8 8 8 2 p 8 8 8 8 8 8 8 8 8 8 2 p 8 8 8 8 8 8 8 8 8 8 2 p 8 8 8 8 8 8 8 8 8 8 2 p 8 8 8 8 8 8 8 8 8 8 
8 0 1 2 0 1 2 2 1 2 0 8 2 p 8 8 8 8 8 8 8 8 8 8 2 p 8 8 8 8 8 8 8 8 8 8 2 p 8 8 8 8 8 8 8 8 8 8 2 p 8 8 8 8 8 8 8 8 8 8 2 p 8 8 8 8 8 8 8 8 8 8 2 p 8 8 8 8 8 8 8 8 8 8 2 p 8 8 8 8 8 8 8 8 8 8 2 p 8 8 8 8 8 8 8 8 8 8 2 p 8 8 8 8 8 8 8 8 8 8 2 p 8 8 8 8 8 8 8 8 8 8 
8 0 1 0 0 1 2 1 1 2 1 8 2 p 8 8 8 8 8 8 8 8 8 8 2 p 8 8 8 8 8 8 8 8 8 8 2 p 8 8 8 8 8 8 8 8 8 8 2 p 8 8 8 8 8 8 8 8 8 8 2 p 8 8 8 8 8 8 8 8 8 8 2 p 8 8 8 8 8 8 8 8 8 8 2 p 8 8 8 8 8 8 8 8 8 8 2 p 8 8 8 8 8 8 8 8 8 8 2 p 8 8 8 8 8 8 8 8 8 8 2 p 8 8 8 8 8 8 8 8 8 8 2 p 8 8 8 8 8 8 8 8 8 8 2 p 8 8 8 8 8 8 8 8 8 8 2 p 8 8 8 8 8 8 8 8 8 8 2 p 8 8 8 8 8 8 8 8 8 8 2 p 8 8 8 8 8 8 8 8 8 8 2 p 8 8 8 8 8 8 8 8 8 8 2 p 8 8 8 8 8 8 8 8 8 8 2 p 8 8 8 8 8 8 8 8 8 8 2 p 8 8 8 8 8 8 8 8 8 8 2 p 8 8 8 8 8 8 8 8 8 8 2 p 8 8 8 8 8 8 8 8 8 8 
8 0 1 p 0 1 2 2 1 2 0 8 2 p 8 8 8 8 8 8 8 8 8 8 2 p 8 8 8 8 8 8 8 8 8 8 2 p 8 8 8 8 8 8 8 8 8 8 2 p 8 8 8 8 8 8 8 8 8 8 2 p 8 8 8 8 8 8 8 8 8 8 2 p 8 8 8 8 8 8 8 8 8 8 2 p 8 8 8 8 8 8 8 8 8 8 2 p 8 8 8 8 8 8 8 8 8 8 2 p 8 8 8 8 8 8 8 8 8 8 2 p 8 8 8 8 8 8 8 8 8 8 
8 0 2 1 p 2 2 0 1 2 0 8 2 p 8 8 8 8 8 8 8 8 8 8 2 p 8 8 8 8 8 8 8 8 8 8 2 p 8 8 8 8 8 8 8 8 8 8 2 p 8 8 8 8 8 8 8 8 8 8 2 p 8 8 8 8 8 8 8 8 8 8 2 p 8 8 8 8 8 8 8 8 8 8 2 p 8 8 8 8 8 8 8 8 8 8 2 p 8 8 8 8 8 8 8 8 8 8 2 p 8 8 8 8 8 8 8 8 8 8 2 p 8 8 8 8 8 8 8 8 8 8 
8 0 1 2 0 1 2 2 1 2 0 8 2 p 8 8 8 8 8 8 8 8 8 8 2 p 8 8 8 8 8 8 8 8 8 8 2 p 8 8 8 8 8 8 8 8 8 8 2 p 8 8 8 8 8 8 8 8 8 8 2 p 8 8 8 8 8 8 8 8 8 8 2 p 8 8 8 8 8 8 8 8 8 8 2 p 8 8 8 8 8 8 8 8 8 8 2 p 8 8 8 8 8 8 8 8 8 8 2 p 8 8 8 8 8 8 8 8 8 8 2 p 8 8 8 8 8 8 8 8 8 8 
8 0 1 0 0 1 2 1 1 2 1 8 2 p 8 8 8 8 8 8 8 8 8 8 2 p 8 8 8 8 8 8 8 8 8 8 2 p 8 8 8 8 8 8 8 8 8 8 2 p 8 8 8 8 8 8 8 8 8 8 2 p 8 8 8 8 8 8 8 8 8 8 2 p 8 8 8 8 8 8 8 8 8 8 2 p 8 8 8 8 8 8 8 8 8 8 2 p 8 8 8 8 8 8 8 8 8 8 2 p 8 8 8 8 8 8 8 8 8 8 2 p 8 8 8 8 8 8 8 8 8 8 2 p 8 8 8 8 8 8 8 8 8 8 2 p 8 8 8 8 8 8 8 8 8 8 2 p 8 8 8 8 8 8 8 8 8 8 2 p 8 8 8 8 8 8 8 8 8 8 2 p 8 8 8 8 8 8 8 8 8 8 2 p 8 8 8 8 8 8 8 8 8 8 2 p 8 8 8 8 8 8 8 8 8 8 2 p 8 8 8 8 8 8 8 8 8 8 2 p 8 8 8 8 8 8 8 8 8 8 2 p 8 8 8 8 8 8 8 8 8 8 2 p 8 8 8 8 8 8 8 8 8 8 
8 0 1 p 0 1 2 2 1 2 0 8 2 p 8 8 8 8 8 8 8 8 8 8 2 p 8 8 8 8 8 8 8 8 8 8 2 p 8 8 8 8 8 8 8 8 8 8 2 p 8 8 8 8 8 8 8 8 8 8 2 p 8 8 8 8 8 8 8 8 8 8 2 p 8 8 8 8 8 8 8 8 8 8 2 p 8 8 8 8 8 8 8 8 8 8 2 p 8 8 8 8 8 8 8 8 8 8 2 p 8 8 8 8 8 8 8 8 8 8 2 p 8 8 8 8 8 8 8 8 8 8 
8 0 2 1 p 2 2 0 1 2 0 8 2 p 8 8 8 8 8 8 8 8 8 8 2 p 8 8 8 8 8 8 8 8 8 8 2 p 8 8 8 8 8 8 8 8 8 8 2 p 8 8 8 8 8 8 8 8 8 8 2 p 8 8 8 8 8 8 8 8 8 8 2 p 8 8 8 8 8 8 8 8 8 8 2 p 8 8 8 8 8 8 8 8 8 8 2 p 8 8 8 8 8 8 8 8 8 8 2 p 8 8 8 8 8 8 8 8 8 8 2 p 8 8 8 8 8 8 8 8 8 8 
8 0 1 2 0 1 2 2 1 2 0 8 2 p 8 8 8 8 8 8 8 8 8 8 2 p 8 8 8 8 8 8 8 8 8 8 2 p 8 8 8 8 8 8 8 8 8 8 2 p 8 8 8 8 8 8 8 8 8 8 2 p 8 8 8 8 8 8 8 8 8 8 2 p 8 8 8 8 8 8 8 8 8 8 2 p 8 8 8 8 8 8 8 8 8 8 2 p 8 8 8 8 8 8 8 8 8 8 2 p 8 8 8 8 8 8 8 8 8 8 2 p 8 8 8 8 8 8 8 8 8 8 
8 0 1 0 0 1 2 1 1 2 1 8 2 p 8 8 8 8 8 8 8 8 8 8 2 p 8 8 8 8 8 8 8 8 8 8 2 p 8 8 8 8 8 8 8 8 8 8 2 p 8 8 8 8 8 8 8 8 8 8 2 p 8 8 8 8 8 8 8 8 8 8 2 p 8 8 8 8 8 8 8 8 8 8 2 p 8 8 8 8 8 8 8 8 8 8 2 p 8 8 8 8 8 8 8 8 8 8 2 p 8 8 8 8 8 8 8 8 8 8 2 p 8 8 8 8 8 8 8 8 8 8 2 p 8 8 8 8 8 8 8 8 8 8 2 p 8 8 8 8 8 8 8 8 8 8 2 p 8 8 8 8 8 8 8 8 8 8 2 p 8 8 8 8 8 8 8 8 8 8 2 p 8 8 8 8 8 8 8 8 8 8 2 p 8 8 8 8 8 8 8 8 8 8 2 p 8 8 8 8 8 8 8 8 8 8 2 p 8 8 8 8 8 8 8 8 8 8 2 p 8 8 8 8 8 8 8 8 8 8 2 p 8 8 8 8 8 8 8 8 8 8 2 p 8 8 8 8 8 8 8 8 8 8 
8 0 1 p 0 1 2 2 1 2 0 8 2 p 8 8 8 8 8 8 8 8 8 8 2 p 8 8 8 8 8 8 8 8 8 8 2 p 8 8 8 8 8 8 8 8 8 8 2 p 8 8 8 8 8 8 8 8 8 8 2 p 8 8 8 8 8 8 8 8 8 8 2 p 8 8 8 8 8 8 8 8 8 8 2 p 8 8 8 8 8 8 8 8 8 8 2 p 8 8 8 8 8 8 8 8 8 8 2 p 8 8 8 8 8 8 8 8 8 8 2 p 8 8 8 8 8 8 8 8 8 8 
8 0 2 1 p 2 2 0 1 2 0 8 2 p 8 8 8 8 8 8 8 8 8 8 2 p 8 8 8 8 8 8 8 8 8 8 2 p 8 8 8 8 8 8 8 8 8 8 2 p 8 8 8 8 8 8 8 8 8 8 2 p 8 8 8 8 8 8 8 8 8 8 2 p 8 8 8 8 8 8 8 8 8 8 2 p 8 8 8 8 8 8 8 8 8 8 2 p 8 8 8 8 8 8 8 8 8 8 2 p 8 8 8 8 8 8 8 8 8 8 2 p 8 8 8 8 8 8 8 8 8 8 
8 0 1 2 0 1 2 2 1 2 0 8 2 p 8 8 8 8 8 8 8 8 8 8 2 p 8 8 8 8 8 8 8 8 8 8 2 p 8 8 8 8 8 8 8 8 8 8 2 p 8 8 8 8 8 8 8 8 8 8 2 p 8 8 8 8 8 8 8 8 8 8 2 p 8 8 8 8 8 8 8 8 8 8 2 p 8 8 8 8 8 8 8 8 8 8 2 p 8 8 8 8 8 8 8 8 8 8 2 p 8 8 8 8 8 8 8 8 8 8 2 p 8 8 8 8 8 8 8 8 8 8 
8 0 1 0 0 1 2 1 1 2 1 8 2 p 8 8 8 8 8 8 8 8 8 8 2 p 8 8 8 8 8 8 8 8 8 8 2 p 8 8 8 8 8 8 8 8 8 8 2 p 8 8 8 8 8 8 8 8 8 8 2 p 8 8 8 8 8 8 8 8 8 8 2 p 8 8 8 8 8 8 8 8 8 8 2 p 8 8 8 8 8 8 8 8 8 8 2 p 8 8 8 8 8 8 8 8 8 8 2 p 8 8 8 8 8 8 8 8 8 8 2 p 8 8 8 8 8 8 8 8 8 8 2 p 8 8 8 8 8 8 8 8 8 8 2 p 8 8 8 8 8 8 8 8 8 8 2 p 8 8 8 8 8 8 8 8 8 8 2 p 8 8 8 8 8 8 8 8 8 8 2 p 8 8 8 8 8 8 8 8 8 8 2 p 8 8 8 8 8 8 8 8 8 8 2 p 8 8 8 8 8 8 8 8 8 8 2 p 8 8 8 8 8 8 8 8 8 8 2 p 8 8 8 8 8 8 8 8 8 8 2 p 8 8 8 8 8 8 8 8 8 8 2 p 8 8 8 8 8 8 8 8 8 8 
8 0 1 p 0 1 2 2 1 2 0 8 2 p 8 8 8 8 8 8 8 8 8 8 2 p 8 8 8 8 8 8 8 8 8 8 2 p 8 8 8 8 8 8 8 8 8 8 2 p 8 8 8 8 8 8 8 8 8 8 2 p 8 8 8 8 8 8 8 8 8 8 2 p 8 8 8 8 8 8 8 8 8 8 2 p 8 8 8 8 8 8 8 8 8 8 2 p 8 8 8 8 8 8 8 8 8 8 2 p 8 8 8 8 8 8 8 8 8 8 2 p 8 8 8 8 8 8 8 8 8 8 
8 0 2 1 p 2 2 0 1 2 0 8 2 p 8 8 8 8 8 8 8 8 8 8 2 p 8 8 8 8 8 8 8 8 8 8 2 p 8 8 8 8 8 8 8 8 8 8 2 p 8 8 8 8 8 8 8 8 8 8 2 p 8 8 8 8 8 8 8 8 8 8 2 p 8 8 8 8 8 8 8 8 8 8 2 p 8 8 8 8 8 8 8 8 8 8 2 p 8 8 8 8 8 8 8 8 8 8 2 p 8 8 8 8 8 8 8 8 8 8 2 p 8 8 8 8 8 8 8 8 8 8 
8 0 1 2 0 1 2 2 1 2 0 8 2 p 8 8 8 8 8 8 8 8 8 8 2 p 8 8 8 8 8 8 8 8 8 8 2 p 8 8 8 8 8 8 8 8 8 8 2 p 8 8 8 8 8 8 8 8 8 8 2 p 8 8 8 8 8 8 8 8 8 8 2 p 8 8 8 8 8 8 8 8 8 8 2 p 8 8 8 8 8 8 8 8 8 8 2 p 8 8 8 8 8 8 8 8 8 8 2 p 8 8 8 8 8 8 8 8 8 8 2 p 8 8 8 8 8 8 8 8 8 8 
8 0 1 0 0 1 2 1 1 2 1 8 2 p 8 8 8 8 8 8 8 8 8 8 2 p 8 8 8 8 8 8 8 8 8 8 2 p 8 8 8 8 8 8 8 8 8 8 2 p 8 8 8 8 8 8 8 8 8 8 2 p 8 8 8 8 8 8 8 8 8 8 2 p 8 8 8 8 8 8 8 8 8 8 2 p 8 8 8 8 8 8 8 8 8 8 2 p 8 8 8 8 8 8 8 8 8 8 2 p 8 8 8 8 8 8 8 8 8 8 2 p 8 8 8 8 8 8 8 8 8 8 2 p 8 8 8 8 8 8 8 8 8 8 2 p 8 8 8 8 8 8 8 8 8 8 2 p 8 8 8 8 8 8 8 8 8 8 2 p 8 8 8 8 8 8 8 8 8 8 2 p 8 8 8 8 8 8 8 8 8 8 2 p 8 8 8 8 8 8 8 8 8 8 2 p 8 8 8 8 8 8 8 8 8 8 2 p 8 8 8 8 8 8 8 8 8 8 2 p 8 8 8 8 8 8 8 8 8 8 2 p 8 8 8 8 8 8 8 8 8 8 2 p 8 8 8 8 8 8 8 8 8 8 
8 0 1 p 0 1 2 2 1 2 0 8 2 p 8 8 8 8 8 8 8 8 8 8 2 p 8 8 8 8 8 8 8 8 8 8 2 p 8 8 8 8 8 8 8 8 8 8 2 p 8 8 8 8 8 8 8 8 8 8 2 p 8 8 8 8 8 8 8 8 8 8 2 p 8 8 8 8 8 8 8 8 8 8 2 p 8 8 8 8 8 8 8 8 8 8 2 p 8 8 8 8 8 8 8 8 8 8 2 p 8 8 8 8 8 8 8 8 8 8 2 p 8 8 8 8 8 8 8 8 8 8 
8 0 2 1 p 2 2 0 1 2 0 8 2 p 8 8 8 8 8 8 8 8 8 8 2 p 8 8 8 8 8 8 8 8 8 8 2 p 8 8 8 8 8 8 8 8 8 8 2 p 8 8 8 8 8 8 8 8 8 8 2 p 8 8 8 8 8 8 8 8 8 8 2 p 8 8 8 8 8 8 8 8 8 8 2 p 8 8 8 8 8 8 8 8 8 8 2 p 8 8 8 8 8 8 8 8 8 8 2 p 8 8 8 8 8 8 8 8 8 8 2 p 8 8 8 8 8 8 8 8 8 8 
8 0 1 2 0 1 2 2 1 2 0 8 2 p 8 8 8 8 8 8 8 8 8 8 2 p 8 8 8 8 8 8 8 8 8 8 2 p 8 8 8 8 8 8 8 8 8 8 2 p 8 8 8 8 8 8 8 8 8 8 2 p 8 8 8 8 8 8 8 8 8 8 2 p 8 8 8 8 8 8 8 8 8 8 2 p 8 8 8 8 8 8 8 8 8 8 2 p 8 8 8 8 8 8 8 8 8 8 2 p 8 8 8 8 8 8 8 8 8 8 2 p 8 8 8 8 8 8 8 8 8 8 
8 0 1 0 0 1 2 1 1 2 1 8 2 p 8 8 8 8 8 8 8 8 8 8 2 p 8 8 8 8 8 8 8 8 8 8 2 p 8 8 8 8 8 8 8 8 8 8 2 p 8 8 8 8 8 8 8 8 8 8 2 p 8 8 8 8 8 8 8 8 8 8 2 p 8 8 8 8 8 8 8 8 8 8 2 p 8 8 8 8 8 8 8 8 8 8 2 p 8 8 8 8 8 8 8 8 8 8 2 p 8 8 8 8 8 8 8 8 8 8 2 p 8 8 8 8 8 8 8 8 8 8 2 p 8 8 8 8 8 8 8 8 8 8 2 p 8 8 8 8 8 8 8 8 8 8 2 p 8 8 8 8 8 8 8 8 8 8 2 p 8 8 8 8 8 8 8 8 8 8 2 p 8 8 8 8 8 8 8 8 8 8 2 p 8 8 8 8 8 8 8 8 8 8 2 p 8 8 8 8 8 8 8 8 8 8 2 p 8 8 8 8 8 8 8 8 8 8 2 p 8 8 8 8 8 8 8 8 8 8 2 p 8 8 8 8 8 8 8 8 8 8 2 p 8 8 8 8 8 8 8 8 8 8 
8 0 1 p 0 1 2 2 1 2 0 8 2 p 8 8 8 8 8 8 8 8 8 8 2 p 8 8 8 8 8 8 8 8 8 8 2 p 8 8 8 8 8 8 8 8 8 8 2 p 8 8 8 8 8 8 8 8 8 8 2 p 8 8 8 8 8 8 8 8 8 8 2 p 8 8 8 8 8 8 8 8 8 8 2 p 8 8 8 8 8 8 8 8 8 8 2 p 8 8 8 8 8 8 8 8 8 8 2 p 8 8 8 8 8 8 8 8 8 8 2 p 8 8 8 8 8 8 8 8 8 8 
8 0 2 1 p 2 2 0 1 2 0 8 2 p 8 8 8 8 8 8 8 8 8 8 2 p 8 8 8 8 8 8 8 8 8 8 2 p 8 8 8 8 8 8 8 8 8 8 2 p 8 8 8 8 8 8 8 8 8 8 2 p 8 8 8 8 8 8 8 8 8 8 2 p 8 8 8 8 8 8 8 8 8 8 2 p 8 8 8 8 8 8 8 8 8 8 2 p 8 8 8 8 8 8 8 8 8 8 2 p 8 8 8 8 8 8 8 8 8 8 2 p 8 8 8 8 8 8 8 8 8 8 
8 0 1 2 0 1 2 2 1 2 0 8 2 p 8 8 8 8 8 8 8 8 8 8 2 p 8 8 8 8 8 8 8 8 8 8 2 p 8 8 8 8 8 8 8 8 8 8 2 p 8 8 8 8 8 8 8 8 8 8 2 p 8 8 8 8 8 8 8 8 8 8 2 p 8 8 8 8 8 8 8 8 8 8 2 p 8 8 8 8 8 8 8 8 8 8 2 p 8 8 8 8 8 8 8 8 8 8 2 p 8 8 8 8 8 8 8 8 8 8 2 p 8 8 8 8 8 8 8 8 8 8 
8 0 1 0 0 1 2 1 1 2 1 8 2 p 8 8 8 8 8 8 8 8 8 8 2 p 8 8 8 8 8 8 8 8 8 8 2 p 8 8 8 8 8 8 8 8 8 8 2 p 8 8 8 8 8 8 8 8 8 8 2 p 8 8 8 8 8 8 8 8 8 8 2 p 8 8 8 8 8 8 8 8 8 8 2 p 8 8 8 8 8 8 8 8 8 8 2 p 8 8 8 8 8 8 8 8 8 8 2 p 8 8 8 8 8 8 8 8 8 8 2 p 8 8 8 8 8 8 8 8 8 8
2 p 8 8 8 8 8 8 8 8 8 8 2 p 8 8 8 8 8 8 8 8 8 8 2 p 8 8 8 8 8 8 8 8 8 8 2 p 8 8 8 8 8 8 8 8 8 8 2 p 8 8 8 8 8 8 8 8 8 8 2 p 8 8 8 8 8 8 8 8 8 8 2 p 8 8 8 8 8 8 8 8 8 8 2 p 8 8 8 8 8 8 8 8 8 8 2 p 8 8 8 8 8 8 8 8 8 8 2 p 8 8 8 8 8 8 8 8 8 8 2 p 8 8 8 8 8 8 8 8 8 8 
8 0 1 p 0 1 2 2 1 2 0 8 2 p 8 8 8 8 8 8 8 8 8 8 2 p 8 8 8 8 8 8 8 8 8 8 2 p 8 8 8 8 8 8 8 8 8 8 2 p 8 8 8 8 8 8 8 8 8 8 2 p 8 8 8 8 8 8 8 8 8 8 2 p 8 8 8 8 8 8 8 8 8 8 2 p 8 8 8 8 8 8 8 8 8 8 2 p 8 8 8 8 8 8 8 8 8 8 2 p 8 8 8 8 8 8 8 8 8 8 2 p 8 8 8 8 8 8 8 8 8 8 
8 0 2 1 p 2 2 0 1 2 0 8 2 p 8 8 8 8 8 8 8 8 8 8 2 p 8 8 8 8 8 8 8 8 8 8 2 p 8 8 8 8 8 8 8 8 8 8 2 p 8 8 8 8 8 8 8 8 8 8 2 p 8 8 8 8 8 8 8 8 8 8 2 p 8 8 8 8 8 8 8 8 8 8 2 p 8 8 8 8 8 8 8 8 8 8 2 p 8 8 8 8 8 8 8 8 8 8 2 p 8 8 8 8 8 8 8 8 8 8 2 p 8 8 8 8 8 8 8 8 8 8 
8 0 1 2 0 1 2 2 1 2 0 8 2 p 8 8 8 8 8 8 8 8 8 8 2 p 8 8 8 8 8 8 8 8 8 8 2 p 8 8 8 8 8 8 8 8 8 8 2 p 8 8 8 8 8 8 8 8 8 8 2 p 8 8 8 8 8 8 8 8 8 8 2 p 8 8 8 8 8 8 8 8 8 8 2 p 8 8 8 8 8 8 8 8 8 8 2 p 8 8 8 8 8 8 8 8 8 8 2 p 8 8 8 8 8 8 8 8 8 8 2 p 8 8 8 8 8 8 8 8 8 8 
8 0 1 0 0 1 2 1 1 2 1 8 2 p 8 8 8 8 8 8 8 8 8 8 2 p 8 8 8 8 8 8 8 8 8 8 2 p 8 8 8 8 8 8 8 8 8 8 2 p 8 8 8 8 8 8 8 8 8 8 2 p 8 8 8 8 8 8 8 8 8 8 2 p 8 8 8 8 8 8 8 8 8 8 2 p 8 8 8 8 8 8 8 8 8 8 2 p 8 8 8 8 8 8 8 8 8 8 2 p 8 8 8 8 8 8 8 8 8 8 2 p 8 8 8 8 8 8 8 8 8 8 2 p 8 8 8 8 8 8 8 8 8 8 2 p 8 8 8 8 8 8 8 8 8 8 2 p 8 8 8 8 8 8 8 8 8 8 2 p 8 8 8 8 8 8 8 8 8 8 2 p 8 8 8 8 8 8 8 8 8 8 2 p 8 8 8 8 8 8 8 8 8 8 2 p 8 8 8 8 8 8 8 8 8 8 2 p 8 8 8 8 8 8 8 8 8 8 2 p 8 8 8 8 8 8 8 8 8 8 2 p 8 8 8 8 8 8 8 8 8 8 2 p 8 8 8 8 8 8 8 8 8 8 
8 0 1 p 0 1 2 2 1 2 0 8 2 p 8 8 8 8 8 8 8 8 8 8 2 p 8 8 8 8 8 8 8 8 8 8 2 p 8 8 8 8 8 8 8 8 8 8 2 p 8 8 8 8 8 8 8 8 8 8 2 p 8 8 8 8 8 8 8 8 8 8 2 p 8 8 8 8 8 8 8 8 8 8 2 p 8 8 8 8 8 8 8 8 8 8 2 p 8 8 8 8 8 8 8 8 8 8 2 p 8 8 8 8 8 8 8 8 8 8 2 p 8 8 8 8 8 8 8 8 8 8 
8 0 2 1 p 2 2 0 1 2 0 8 2 p 8 8 8 8 8 8 8 8 8 8 2 p 8 8 8 8 8 8 8 8 8 8 2 p 8 8 8 8 8 8 8 8 8 8 2 p 8 8 8 8 8 8 8 8 8 8 2 p 8 8 8 8 8 8 8 8 8 8 2 p 8 8 8 8 8 8 8 8 8 8 2 p 8 8 8 8 8 8 8 8 8 8 2 p 8 8 8 8 8 8 8 8 8 8 2 p 8 8 8 8 8 8 8 8 8 8 2 p 8 8 8 8 8 8 8 8 8 8 
8 0 1 2 0 1 2 2 1 2 0 8 2 p 8 8 8 8 8 8 8 8 8 8 2 p 8 8 8 8 8 8 8 8 8 8 2 p 8 8 8 8 8 8 8 8 8 8 2 p 8 8 8 8 8 8 8 8 8 8 2 p 8 8 8 8 8 8 8 8 8 8 2 p 8 8 8 8 8 8 8 8 8 8 2 p 8 8 8 8 8 8 8 8 8 8 2 p 8 8 8 8 8 8 8 8 8 8 2 p 8 8 8 8 8 8 8 8 8 8 2 p 8 8 8 8 8 8 8 8 8 8 
8 0 1 0 0 1 2 1 1 2 1 8 2 p 8 8 8 8 8 8 8 8 8 8 2 p 8 8 8 8 8 8 8 8 8 8 2 p 8 8 8 8 8 8 8 8 8 8 2 p 8 8 8 8 8 8 8 8 8 8 2 p 8 8 8 8 8 8 8 8 8 8 2 p 8 8 8 8 8 8 8 8 8 8 2 p 8 8 8 8 8 8 8 8 8 8 2 p 8 8 8 8 8 8 8 8 8 8 2 p 8 8 8 8 8 8 8 8 8 8 2 p 8 8 8 8 8 8 8 8 8 8 2 p 8 8 8 8 8 8 8 8 8 8 2 p 8 8 8 8 8 8 8 8 8 8 2 p 8 8 8 8 8 8 8 8 8 8 2 p 8 8 8 8 8 8 8 8 8 8 2 p 8 8 8 8 8 8 8 8 8 8 2 p 8 8 8 8 8 8 8 8 8 8 2 p 8 8 8 8 8 8 8 8 8 8 2 p 8 8 8 8 8 8 8 8 8 8 2 p 8 8 8 8 8 8 8 8 8 8 2 p 8 8 8 8 8 8 8 8 8 8 2 p 8 8 8 8 8 8 8 8 8 8 
8 0 1 p 0 1 2 2 1 2 0 8 2 p 8 8 8 8 8 8 8 8 8 8 2 p 8 8 8 8 8 8 8 8 8 8 2 p 8 8 8 8 8 8 8 8 8 8 2 p 8 8 8 8 8 8 8 8 8 8 2 p 8 8 8 8 8 8 8 8 8 8 2 p 8 8 8 8 8 8 8 8 8 8 2 p 8 8 8 8 8 8 8 8 8 8 2 p 8 8 8 8 8 8 8 8 8 8 2 p 8 8 8 8 8 8 8 8 8 8 2 p 8 8 8 8 8 8 8 8 8 8 
8 0 2 1 p 2 2 0 1 2 0 8 2 p 8 8 8 8 8 8 8 8 8 8 2 p 8 8 8 8 8 8 8 8 8 8 2 p 8 8 8 8 8 8 8 8 8 8 2 p 8 8 8 8 8 8 8 8 8 8 2 p 8 8 8 8 8 8 8 8 8 8 2 p 8 8 8 8 8 8 8 8 8 8 2 p 8 8 8 8 8 8 8 8 8 8 2 p 8 8 8 8 8 8 8 8 8 8 2 p 8 8 8 8 8 8 8 8 8 8 2 p 8 8 8 8 8 8 8 8 8 8 
8 0 1 2 0 1 2 2 1 2 0 8 2 p 8 8 8 8 8 8 8 8 8 8 2 p 8 8 8 8 8 8 8 8 8 8 2 p 8 8 8 8 8 8 8 8 8 8 2 p 8 8 8 8 8 8 8 8 8 8 2 p 8 8 8 8 8 8 8 8 8 8 2 p 8 8 8 8 8 8 8 8 8 8 2 p 8 8 8 8 8 8 8 8 8 8 2 p 8 8 8 8 8 8 8 8 8 8 2 p 8 8 8 8 8 8 8 8 8 8 2 p 8 8 8 8 8 8 8 8 8 8 
8 0 1 0 0 1 2 1 1 2 1 8 2 p 8 8 8 8 8 8 8 8 8 8 2 p 8 8 8 8 8 8 8 8 8 8 2 p 8 8 8 8 8 8 8 8 8 8 2 p 8 8 8 8 8 8 8 8 8 8 2 p 8 8 8 8 8 8 8 8 8 8 2 p 8 8 8 8 8 8 8 8 8 8 2 p 8 8 8 8 8 8 8 8 8 8 2 p 8 8 8 8 8 8 8 8 8 8 2 p 8 8 8 8 8 8 8 8 8 8 2 p 8 8 8 8 8 8 8 8 8 8 2 p 8 8 8 8 8 8 8 8 8 8 2 p 8 8 8 8 8 8 8 8 8 8 2 p 8 8 8 8 8 8 8 8 8 8 2 p 8 8 8 8 8 8 8 8 8 8 2 p 8 8 8 8 8 8 8 8 8 8 2 p 8 8 8 8 8 8 8 8 8 8 2 p 8 8 8 8 8 8 8 8 8 8 2 p 8 8 8 8 8 8 8 8 8 8 2 p 8 8 8 8 8 8 8 8 8 8 2 p 8 8 8 8 8 8 8 8 8 8 2 p 8 8 8 8 8 8 8 8 8 8 
8 0 1 p 0 1 2 2 1 2 0 8 2 p 8 8 8 8 8 8 8 8 8 8 2 p 8 8 8 8 8 8 8 8 8 8 2 p 8 8 8 8 8 8 8 8 8 8 2 p 8 8 8 8 8 8 8 8 8 8 2 p 8 8 8 8 8 8 8 8 8 8 2 p 8 8 8 8 8 8 8 8 8 8 2 p 8 8 8 8 8 8 8 8 8 8 2 p 8 8 8 8 8 8 8 8 8 8 2 p 8 8 8 8 8 8 8 8 8 8 2 p 8 8 8 8 8 8 8 8 8 8 
8 0 2 1 p 2 2 0 1 2 0 8 2 p 8 8 8 8 8 8 8 8 8 8 2 p 8 8 8 8 8 8 8 8 8 8 2 p 8 8 8 8 8 8 8 8 8 8 2 p 8 8 8 8 8 8 8 8 8 8 2 p 8 8 8 8 8 8 8 8 8 8 2 p 8 8 8 8 8 8 8 8 8 8 2 p 8 8 8 8 8 8 8 8 8 8 2 p 8 8 8 8 8 8 8 8 8 8 2 p 8 8 8 8 8 8 8 8 8 8 2 p 8 8 8 8 8 8 8 8 8 8 
8 0 1 2 0 1 2 2 1 2 0 8 2 p 8 8 8 8 8 8 8 8 8 8 2 p 8 8 8 8 8 8 8 8 8 8 2 p 8 8 8 8 8 8 8 8 8 8 2 p 8 8 8 8 8 8 8 8 8 8 2 p 8 8 8 8 8 8 8 8 8 8 2 p 8 8 8 8 8 8 8 8 8 8 2 p 8 8 8 8 8 8 8 8 8 8 2 p 8 8 8 8 8 8 8 8 8 8 2 p 8 8 8 8 8 8 8 8 8 8 2 p 8 8 8 8 8 8 8 8 8 8 
8 0 1 0 0 1 2 1 1 2 1 8 2 p 8 8 8 8 8 8 8 8 8 8 2 p 8 8 8 8 8 8 8 8 8 8 2 p 8 8 8 8 8 8 8 8 8 8 2 p 8 8 8 8 8 8 8 8 8 8 2 p 8 8 8 8 8 8 8 8 8 8 2 p 8 8 8 8 8 8 8 8 8 8 2 p 8 8 8 8 8 8 8 8 8 8 2 p 8 8 8 8 8 8 8 8 8 8 2 p 8 8 8 8 8 8 8 8 8 8 2 p 8 8 8 8 8 8 8 8 8 8 2 p 8 8 8 8 8 8 8 8 8 8 2 p 8 8 8 8 8 8 8 8 8 8 2 p 8 8 8 8 8 8 8 8 8 8 2 p 8 8 8 8 8 8 8 8 8 8 2 p 8 8 8 8 8 8 8 8 8 8 2 p 8 8 8 8 8 8 8 8 8 8 2 p 8 8 8 8 8 8 8 8 8 8 2 p 8 8 8 8 8 8 8 8 8 8 2 p 8 8 8 8 8 8 8 8 8 8 2 p 8 8 8 8 8 8 8 8 8 8 2 p 8 8 8 8 8 8 8 8 8 8 
8 0 1 p 0 1 2 2 1 2 0 8 2 p 8 8 8 8 8 8 8 8 8 8 2 p 8 8 8 8 8 8 8 8 8 8 2 p 8 8 8 8 8 8 8 8 8 8 2 p 8 8 8 8 8 8 8 8 8 8 2 p 8 8 8 8 8 8 8 8 8 8 2 p 8 8 8 8 8 8 8 8 8 8 2 p 8 8 8 8 8 8 8 8 8 8 2 p 8 8 8 8 8 8 8 8 8 8 2 p 8 8 8 8 8 8 8 8 8 8 2 p 8 8 8 8 8 8 8 8 8 8 
8 0 2 1 p 2 2 0 1 2 0 8 2 p 8 8 8 8 8 8 8 8 8 8 2 p 8 8 8 8 8 8 8 8 8 8 2 p 8 8 8 8 8 8 8 8 8 8 2 p 8 8 8 8 8 8 8 8 8 8 2 p 8 8 8 8 8 8 8 8 8 8 2 p 8 8 8 8 8 8 8 8 8 8 2 p 8 8 8 8 8 8 8 8 8 8 2 p 8 8 8 8 8 8 8 8 8 8 2 p 8 8 8 8 8 8 8 8 8 8 2 p 8 8 8 8 8 8 8 8 8 8 
8 0 1 2 0 1 2 2 1 2 0 8 2 p 8 8 8 8 8 8 8 8 8 8 2 p 8 8 8 8 8 8 8 8 8 8 2 p 8 8 8 8 8 8 8 8 8 8 2 p 8 8 8 8 8 8 8 8 8 8 2 p 8 8 8 8 8 8 8 8 8 8 2 p 8 8 8 8 8 8 8 8 8 8 2 p 8 8 8 8 8 8 8 8 8 8 2 p 8 8 8 8 8 8 8 8 8 8 2 p 8 8 8 8 8 8 8 8 8 8 2 p 8 8 8 8 8 8 8 8 8 8 
8 0 1 0 0 1 2 1 1 2 1 8 2 p 8 8 8 8 8 8 8 8 8 8 2 p 8 8 8 8 8 8 8 8 8 8 2 p 8 8 8 8 8 8 8 8 8 8 2 p 8 8 8 8 8 8 8 8 8 8 2 p 8 8 8 8 8 8 8 8 8 8 2 p 8 8 8 8 8 8 8 8 8 8 2 p 8 8 8 8 8 8 8 8 8 8 2 p 8 8 8 8 8 8 8 8 8 8 2 p 8 8 8 8 8 8 8 8 8 8 2 p 8 8 8 8 8 8 8 8 8 8 2 p 8 8 8 8 8 8 8 8 8 8 2 p 8 8 8 8 8 8 8 8 8 8 2 p 8 8 8 8 8 8 8 8 8 8 2 p 8 8 8 8 8 8 8 8 8 8 2 p 8 8 8 8 8 8 8 8 8 8 2 p 8 8 8 8 8 8 8 8 8 8 2 p 8 8 8 8 8 8 8 8 8 8 2 p 8 8 8 8 8 8 8 8 8 8 2 p 8 8 8 8 8 8 8 8 8 8 2 p 8 8 8 8 8 8 8 8 8 8 2 p 8 8 8 8 8 8 8 8 8 8 
8 0 1 p 0 1 2 2 1 2 0 8 2 p 8 8 8 8 8 8 8 8 8 8 2 p 8 8 8 8 8 8 8 8 8 8 2 p 8 8 8 8 8 8 8 8 8 8 2 p 8 8 8 8 8 8 8 8 8 8 2 p 8 8 8 8 8 8 8 8 8 8 2 p 8 8 8 8 8 8 8 8 8 8 2 p 8 8 8 8 8 8 8 8 8 8 2 p 8 8 8 8 8 8 8 8 8 8 2 p 8 8 8 8 8 8 8 8 8 8 2 p 8 8 8 8 8 8 8 8 8 8 
8 0 2 1 p 2 2 0 1 2 0 8 2 p 8 8 8 8 8 8 8 8 8 8 2 p 8 8 8 8 8 8 8 8 8 8 2 p 8 8 8 8 8 8 8 8 8 8 2 p 8 8 8 8 8 8 8 8 8 8 2 p 8 8 8 8 8 8 8 8 8 8 2 p 8 8 8 8 8 8 8 8 8 8 2 p 8 8 8 8 8 8 8 8 8 8 2 p 8 8 8 8 8 8 8 8 8 8 2 p 8 8 8 8 8 8 8 8 8 8 2 p 8 8 8 8 8 8 8 8 8 8 
8 0 1 2 0 1 2 2 1 2 0 8 2 p 8 8 8 8 8 8 8 8 8 8 2 p 8 8 8 8 8 8 8 8 8 8 2 p 8 8 8 8 8 8 8 8 8 8 2 p 8 8 8 8 8 8 8 8 8 8 2 p 8 8 8 8 8 8 8 8 8 8 2 p 8 8 8 8 8 8 8 8 8 8 2 p 8 8 8 8 8 8 8 8 8 8 2 p 8 8 8 8 8 8 8 8 8 8 2 p 8 8 8 8 8 8 8 8 8 8 2 p 8 8 8 8 8 8 8 8 8 8 
8 0 1 0 0 1 2 1 1 2 1 8 2 p 8 8 8 8 8 8 8 8 8 8 2 p 8 8 8 8 8 8 8 8 8 8 2 p 8 8 8 8 8 8 8 8 8 8 2 p 8 8 8 8 8 8 8 8 8 8 2 p 8 8 8 8 8 8 8 8 8 8 2 p 8 8 8 8 8 8 8 8 8 8 2 p 8 8 8 8 8 8 8 8 8 8 2 p 8 8 8 8 8 8 8 8 8 8 2 p 8 8 8 8 8 8 8 8 8 8 2 p 8 8 8 8 8 8 8 8 8 8 2 p 8 8 8 8 8 8 8 8 8 8 2 p 8 8 8 8 8 8 8 8 8 8 2 p 8 8 8 8 8 8 8 8 8 8 2 p 8 8 8 8 8 8 8 8 8 8 2 p 8 8 8 8 8 8 8 8 8 8 2 p 8 8 8 8 8 8 8 8 8 8 2 p 8 8 8 8 8 8 8 8 8 8 2 p 8 8 8 8 8 8 8 8 8 8 2 p 8 8 8 8 8 8 8 8 8 8 2 p 8 8 8 8 8 8 8 8 8 8 2 p 8 8 8 8 8 8 8 8 8 8 
8 0 1 p 0 1 2 2 1 2 0 8 2 p 8 8 8 8 8 8 8 8 8 8 2 p 8 8 8 8 8 8 8 8 8 8 2 p 8 8 8 8 8 8 8 8 8 8 2 p 8 8 8 8 8 8 8 8 8 8 2 p 8 8 8 8 8 8 8 8 8 8 2 p 8 8 8 8 8 8 8 8 8 8 2 p 8 8 8 8 8 8 8 8 8 8 2 p 8 8 8 8 8 8 8 8 8 8 2 p 8 8 8 8 8 8 8 8 8 8 2 p 8 8 8 8 8 8 8 8 8 8 
8 0 2 1 p 2 2 0 1 2 0 8 2 p 8 8 8 8 8 8 8 8 8 8 2 p 8 8 8 8 8 8 8 8 8 8 2 p 8 8 8 8 8 8 8 8 8 8 2 p 8 8 8 8 8 8 8 8 8 8 2 p 8 8 8 8 8 8 8 8 8 8 2 p 8 8 8 8 8 8 8 8 8 8 2 p 8 8 8 8 8 8 8 8 8 8 2 p 8 8 8 8 8 8 8 8 8 8 2 p 8 8 8 8 8 8 8 8 8 8 2 p 8 8 8 8 8 8 8 8 8 8 
8 0 1 2 0 1 2 2 1 2 0 8 2 p 8 8 8 8 8 8 8 8 8 8 2 p 8 8 8 8 8 8 8 8 8 8 2 p 8 8 8 8 8 8 8 8 8 8 2 p 8 8 8 8 8 8 8 8 8 8 2 p 8 8 8 8 8 8 8 8 8 8 2 p 8 8 8 8 8 8 8 8 8 8 2 p 8 8 8 8 8 8 8 8 8 8 2 p 8 8 8 8 8 8 8 8 8 8 2 p 8 8 8 8 8 8 8 8 8 8 2 p 8 8 8 8 8 8 8 8 8 8 
8 0 1 0 0 1 2 1 1 2 1 8 2 p 8 8 8 8 8 8 8 8 8 8 2 p 8 8 8 8 8 8 8 8 8 8 2 p 8 8 8 8 8 8 8 8 8 8 2 p 8 8 8 8 8 8 8 8 8 8 2 p 8 8 8 8 8 8 8 8 8 8 2 p 8 8 8 8 8 8 8 8 8 8 2 p 8 8 8 8 8 8 8 8 8 8 2 p 8 8 8 8 8 8 8 8 8 8 2 p 8 8 8 8 8 8 8 8 8 8 2 p 8 8 8 8 8 8 8 8 8 8 2 p 8 8 8 8 8 8 8 8 8 8 2 p 8 8 8 8 8 8 8 8 8 8 2 p 8 8 8 8 8 8 8 8 8 8 2 p 8 8 8 8 8 8 8 8 8 8 2 p 8 8 8 8 8 8 8 8 8 8 2 p 8 8 8 8 8 8 8 8 8 8 2 p 8 8 8 8 8 8 8 8 8 8 2 p 8 8 8 8 8 8 8 8 8 8 2 p 8 8 8 8 8 8 8 8 8 8 2 p 8 8 8 8 8 8 8 8 8 8 2 p 8 8 8 8 8 8 8 8 8 8 
8 0 1 p 0 1 2 2 1 2 0 8 2 p 8 8 8 8 8 8 8 8 8 8 2 p 8 8 8 8 8 8 8 8 8 8 2 p 8 8 8 8 8 8 8 8 8 8 2 p 8 8 8 8 8 8 8 8 8 8 2 p 8 8 8 8 8 8 8 8 8 8 2 p 8 8 8 8 8 8 8 8 8 8 2 p 8 8 8 8 8 8 8 8 8 8 2 p 8 8 8 8 8 8 8 8 8 8 2 p 8 8 8 8 8 8 8 8 8 8 2 p 8 8 8 8 8 8 8 8 8 8 
8 0 2 1 p 2 2 0 1 2 0 8 2 p 8 8 8 8 8 8 8 8 8 8 2 p 8 8 8 8 8 8 8 8 8 8 2 p 8 8 8 8 8 8 8 8 8 8 2 p 8 8 8 8 8 8 8 8 8 8 2 p 8 8 8 8 8 8 8 8 8 8 2 p 8 8 8 8 8 8 8 8 8 8 2 p 8 8 8 8 8 8 8 8 8 8 2 p 8 8 8 8 8 8 8 8 8 8 2 p 8 8 8 8 8 8 8 8 8 8 2 p 8 8 8 8 8 8 8 8 8 8 
8 0 1 2 0 1 2 2 1 2 0 8 2 p 8 8 8 8 8 8 8 8 8 8 2 p 8 8 8 8 8 8 8 8 8 8 2 p 8 8 8 8 8 8 8 8 8 8 2 p 8 8 8 8 8 8 8 8 8 8 2 p 8 8 8 8 8 8 8 8 8 8 2 p 8 8 8 8 8 8 8 8 8 8 2 p 8 8 8 8 8 8 8 8 8 8 2 p 8 8 8 8 8 8 8 8 8 8 2 p 8 8 8 8 8 8 8 8 8 8 2 p 8 8 8 8 8 8 8 8 8 8 
8 0 1 0 0 1 2 1 1 2 1 8 2 p 8 8 8 8 8 8 8 8 8 8 2 p 8 8 8 8 8 8 8 8 8 8 2 p 8 8 8 8 8 8 8 8 8 8 2 p 8 8 8 8 8 8 8 8 8 8 2 p 8 8 8 8 8 8 8 8 8 8 2 p 8 8 8 8 8 8 8 8 8 8 2 p 8 8 8 8 8 8 8 8 8 8 2 p 8 8 8 8 8 8 8 8 8 8 2 p 8 8 8 8 8 8 8 8 8 8 2 p 8 8 8 8 8 8 8 8 8 8 2 p 8 8 8 8 8 8 8 8 8 8 2 p 8 8 8 8 8 8 8 8 8 8 2 p 8 8 8 8 8 8 8 8 8 8 2 p 8 8 8 8 8 8 8 8 8 8 2 p 8 8 8 8 8 8 8 8 8 8 2 p 8 8 8 8 8 8 8 8 8 8 2 p 8 8 8 8 8 8 8 8 8 8 2 p 8 8 8 8 8 8 8 8 8 8 2 p 8 8 8 8 8 8 8 8 8 8 2 p 8 8 8 8 8 8 8 8 8 8 2 p 8 8 8 8 8 8 8 8 8 8 
8 0 1 p 0 1 2 2 1 2 0 8 2 p 8 8 8 8 8 8 8 8 8 8 2 p 8 8 8 8 8 8 8 8 8 8 2 p 8 8 8 8 8 8 8 8 8 8 2 p 8 8 8 8 8 8 8 8 8 8 2 p 8 8 8 8 8 8 8 8 8 8 2 p 8 8 8 8 8 8 8 8 8 8 2 p 8 8 8 8 8 8 8 8 8 8 2 p 8 8 8 8 8 8 8 8 8 8 2 p 8 8 8 8 8 8 8 8 8 8 2 p 8 8 8 8 8 8 8 8 8 8 
8 0 2 1 p 2 2 0 1 2 0 8 2 p 8 8 8 8 8 8 8 8 8 8 2 p 8 8 8 8 8 8 8 8 8 8 2 p 8 8 8 8 8 8 8 8 8 8 2 p 8 8 8 8 8 8 8 8 8 8 2 p 8 8 8 8 8 8 8 8 8 8 2 p 8 8 8 8 8 8 8 8 8 8 2 p 8 8 8 8 8 8 8 8 8 8 2 p 8 8 8 8 8 8 8 8 8 8 2 p 8 8 8 8 8 8 8 8 8 8 2 p 8 8 8 8 8 8 8 8 8 8 
8 0 1 2 0 1 2 2 1 2 0 8 2 p 8 8 8 8 8 8 8 8 8 8 2 p 8 8 8 8 8 8 8 8 8 8 2 p 8 8 8 8 8 8 8 8 8 8 2 p 8 8 8 8 8 8 8 8 8 8 2 p 8 8 8 8 8 8 8 8 8 8 2 p 8 8 8 8 8 8 8 8 8 8 2 p 8 8 8 8 8 8 8 8 8 8 2 p 8 8 8 8 8 8 8 8 8 8 2 p 8 8 8 8 8 8 8 8 8 8 2 p 8 8 8 8 8 8 8 8 8 8 
8 0 1 0 0 1 2 1 1 2 1 8 2 p 8 8 8 8 8 8 8 8 8 8 2 p 8 8 8 8 8 8 8 8 8 8 2 p 8 8 8 8 8 8 8 8 8 8 2 p 8 8 8 8 8 8 8 8 8 8 2 p 8 8 8 8 8 8 8 8 8 8 2 p 8 8 8 8 8 8 8 8 8 8 2 p 8 8 8 8 8 8 8 8 8 8 2 p 8 8 8 8 8 8 8 8 8 8 2 p 8 8 8 8 8 8 8 8 8 8 2 p 8 8 8 8 8 8 8 8 8 8 2 p 8 8 8 8 8 8 8 8 8 8 2 p 8 8 8 8 8 8 8 8 8 8 2 p 8 8 8 8 8 8 8 8 8 8 2 p 8 8 8 8 8 8 8 8 8 8 2 p 8 8 8 8 8 8 8 8 8 8 2 p 8 8 8 8 8 8 8 8 8 8 2 p 8 8 8 8 8 8 8 8 8 8 2 p 8 8 8 8 8 8 8 8 8 8 2 p 8 8 8 8 8 8 8 8 8 8 2 p 8 8 8 8 8 8 8 8 8 8 2 p 8 8 8 8 8 8 8 8 8 8 
8 0 1 p 0 1 2 2 1 2 0 8 2 p 8 8 8 8 8 8 8 8 8 8 2 p 8 8 8 8 8 8 8 8 8 8 2 p 8 8 8 8 8 8 8 8 8 8 2 p 8 8 8 8 8 8 8 8 8 8 2 p 8 8 8 8 8 8 8 8 8 8 2 p 8 8 8 8 8 8 8 8 8 8 2 p 8 8 8 8 8 8 8 8 8 8 2 p 8 8 8 8 8 8 8 8 8 8 2 p 8 8 8 8 8 8 8 8 8 8 2 p 8 8 8 8 8 8 8 8 8 8 
8 0 2 1 p 2 2 0 1 2 0 8 2 p 8 8 8 8 8 8 8 8 8 8 2 p 8 8 8 8 8 8 8 8 8 8 2 p 8 8 8 8 8 8 8 8 8 8 2 p 8 8 8 8 8 8 8 8 8 8 2 p 8 8 8 8 8 8 8 8 8 8 2 p 8 8 8 8 8 8 8 8 8 8 2 p 8 8 8 8 8 8 8 8 8 8 2 p 8 8 8 8 8 8 8 8 8 8 2 p 8 8 8 8 8 8 8 8 8 8 2 p 8 8 8 8 8 8 8 8 8 8 
8 0 1 2 0 1 2 2 1 2 0 8 2 p 8 8 8 8 8 8 8 8 8 8 2 p 8 8 8 8 8 8 8 8 8 8 2 p 8 8 8 8 8 8 8 8 8 8 2 p 8 8 8 8 8 8 8 8 8 8 2 p 8 8 8 8 8 8 8 8 8 8 2 p 8 8 8 8 8 8 8 8 8 8 2 p 8 8 8 8 8 8 8 8 8 8 2 p 8 8 8 8 8 8 8 8 8 8 2 p 8 8 8 8 8 8 8 8 8 8 2 p 8 8 8 8 8 8 8 8 8 8 
8 0 1 0 0 1 2 1 1 2 1 8 2 p 8 8 8 8 8 8 8 8 8 8 2 p 8 8 8 8 8 8 8 8 8 8 2 p 8 8 8 8 8 8 8 8 8 8 2 p 8 8 8 8 8 8 8 8 8 8 2 p 8 8 8 8 8 8 8 8 8 8 2 p 8 8 8 8 8 8 8 8 8 8 2 p 8 8 8 8 8 8 8 8 8 8 2 p 8 8 8 8 8 8 8 8 8 8 2 p 8 8 8 8 8 8 8 8 8 8 2 p 8 8 8 8 8 8 8 8 8 8 2 p 8 8 8 8 8 8 8 8 8 8 2 p 8 8 8 8 8 8 8 8 8 8 2 p 8 8 8 8 8 8 8 8 8 8 2 p 8 8 8 8 8 8 8 8 8 8 2 p 8 8 8 8 8 8 8 8 8 8 2 p 8 8 8 8 8 8 8 8 8 8 2 p 8 8 8 8 8 8 8 8 8 8 2 p 8 8 8 8 8 8 8 8 8 8 2 p 8 8 8 8 8 8 8 8 8 8 2 p 8 8 8 8 8 8 8 8 8 8 2 p 8 8 8 8 8 8 8 8 8 8 
8 0 1 p 0 1 2 2 1 2 0 8 2 p 8 8 8 8 8 8 8 8 8 8 2 p 8 8 8 8 8 8 8 8 8 8 2 p 8 8 8 8 8 8 8 8 8 8 2 p 8 8 8 8 8 8 8 8 8 8 2 p 8 8 8 8 8 8 8 8 8 8 2 p 8 8 8 8 8 8 8 8 8 8 2 p 8 8 8 8 8 8 8 8 8 8 2 p 8 8 8 8 8 8 8 8 8 8 2 p 8 8 8 8 8 8 8 8 8 8 2 p 8 8 8 8 8 8 8 8 8 8 
8 0 2 1 p 2 2 0 1 2 0 8 2 p 8 8 8 8 8 8 8 8 8 8 2 p 8 8 8 8 8 8 8 8 8 8 2 p 8 8 8 8 8 8 8 8 8 8 2 p 8 8 8 8 8 8 8 8 8 8 2 p 8 8 8 8 8 8 8 8 8 8 2 p 8 8 8 8 8 8 8 8 8 8 2 p 8 8 8 8 8 8 8 8 8 8 2 p 8 8 8 8 8 8 8 8 8 8 2 p 8 8 8 8 8 8 8 8 8 8 2 p 8 8 8 8 8 8 8 8 8 8 
8 0 1 2 0 1 2 2 1 2 0 8 2 p 8 8 8 8 8 8 8 8 8 8 2 p 8 8 8 8 8 8 8 8 8 8 2 p 8 8 8 8 8 8 8 8 8 8 2 p 8 8 8 8 8 8 8 8 8 8 2 p 8 8 8 8 8 8 8 8 8 8 2 p 8 8 8 8 8 8 8 8 8 8 2 p 8 8 8 8 8 8 8 8 8 8 2 p 8 8 8 8 8 8 8 8 8 8 2 p 8 8 8 8 8 8 8 8 8 8 2 p 8 8 8 8 8 8 8 8 8 8 
8 0 1 0 0 1 2 1 1 2 1 8 2 p 8 8 8 8 8 8 8 8 8 8 2 p 8 8 8 8 8 8 8 8 8 8 2 p 8 8 8 8 8 8 8 8 8 8 2 p 8 8 8 8 8 8 8 8 8 8 2 p 8 8 8 8 8 8 8 8 8 8 2 p 8 8 8 8 8 8 8 8 8 8 2 p 8 8 8 8 8 8 8 8 8 8 2 p 8 8 8 8 8 8 8 8 8 8 2 p 8 8 8 8 8 8 8 8 8 8 2 p 8 8 8 8 8 8 8 8 8 8 2 p 8 8 8 8 8 8 8 8 8 8 2 p 8 8 8 8 8 8 8 8 8 8 2 p 8 8 8 8 8 8 8 8 8 8 2 p 8 8 8 8 8 8 8 8 8 8 2 p 8 8 8 8 8 8 8 8 8 8 2 p 8 8 8 8 8 8 8 8 8 8 2 p 8 8 8 8 8 8 8 8 8 8 2 p 8 8 8 8 8 8 8 8 8 8 2 p 8 8 8 8 8 8 8 8 8 8 2 p 8 8 8 8 8 8 8 8 8 8 2 p 8 8 8 8 8 8 8 8 8 8 
8 0 1 p 0 1 2 2 1 2 0 8 2 p 8 8 8 8 8 8 8 8 8 8 2 p 8 8 8 8 8 8 8 8 8 8 2 p 8 8 8 8 8 8 8 8 8 8 2 p 8 8 8 8 8 8 8 8 8 8 2 p 8 8 8 8 8 8 8 8 8 8 2 p 8 8 8 8 8 8 8 8 8 8 2 p 8 8 8 8 8 8 8 8 8 8 2 p 8 8 8 8 8 8 8 8 8 8 2 p 8 8 8 8 8 8 8 8 8 8 2 p 8 8 8 8 8 8 8 8 8 8 
8 0 2 1 p 2 2 0 1 2 0 8 2 p 8 8 8 8 8 8 8 8 8 8 2 p 8 8 8 8 8 8 8 8 8 8 2 p 8 8 8 8 8 8 8 8 8 8 2 p 8 8 8 8 8 8 8 8 8 8 2 p 8 8 8 8 8 8 8 8 8 8 2 p 8 8 8 8 8 8 8 8 8 8 2 p 8 8 8 8 8 8 8 8 8 8 2 p 8 8 8 8 8 8 8 8 8 8 2 p 8 8 8 8 8 8 8 8 8 8 2 p 8 8 8 8 8 8 8 8 8 8 
8 0 1 2 0 1 2 2 1 2 0 8 2 p 8 8 8 8 8 8 8 8 8 8 2 p 8 8 8 8 8 8 8 8 8 8 2 p 8 8 8 8 8 8 8 8 8 8 2 p 8 8 8 8 8 8 8 8 8 8 2 p 8 8 8 8 8 8 8 8 8 8 2 p 8 8 8 8 8 8 8 8 8 8 2 p 8 8 8 8 8 8 8 8 8 8 2 p 8 8 8 8 8 8 8 8 8 8 2 p 8 8 8 8 8 8 8 8 8 8 2 p 8 8 8 8 8 8 8 8 8 8 
8 0 1 0 0 1 2 1 1 2 1 8 2 p 8 8 8 8 8 8 8 8 8 8 2 p 8 8 8 8 8 8 8 8 8 8 2 p 8 8 8 8 8 8 8 8 8 8 2 p 8 8 8 8 8 8 8 8 8 8 2 p 8 8 8 8 8 8 8 8 8 8 2 p 8 8 8 8 8 8 8 8 8 8 2 p 8 8 8 8 8 8 8 8 8 8 2 p 8 8 8 8 8 8 8 8 8 8 2 p 8 8 8 8 8 8 8 8 8 8 2 p 8 8 8 8 8 8 8 8 8 8 2 p 8 8 8 8 8 8 8 8 8 8 2 p 8 8 8 8 8 8 8 8 8 8 2 p 8 8 8 8 8 8 8 8 8 8 2 p 8 8 8 8 8 8 8 8 8 8 2 p 8 8 8 8 8 8 8 8 8 8 2 p 8 8 8 8 8 8 8 8 8 8 2 p 8 8 8 8 8 8 8 8 8 8 2 p 8 8 8 8 8 8 8 8 8 8 2 p 8 8 8 8 8 8 8 8 8 8 2 p 8 8 8 8 8 8 8 8 8 8 2 p 8 8 8 8 8 8 8 8 8 8 
8 0 1 p 0 1 2 2 1 2 0 8 2 p 8 8 8 8 8 8 8 8 8 8 2 p 8 8 8 8 8 8 8 8 8 8 2 p 8 8 8 8 8 8 8 8 8 8 2 p 8 8 8 8 8 8 8 8 8 8 2 p 8 8 8 8 8 8 8 8 8 8 2 p 8 8 8 8 8 8 8 8 8 8 2 p 8 8 8 8 8 8 8 8 8 8 2 p 8 8 8 8 8 8 8 8 8 8 2 p 8 8 8 8 8 8 8 8 8 8 2 p 8 8 8 8 8 8 8 8 8 8 
8 0 2 1 p 2 2 0 1 2 0 8 2 p 8 8 8 8 8 8 8 8 8 8 2 p 8 8 8 8 8 8 8 8 8 8 2 p 8 8 8 8 8 8 8 8 8 8 2 p 8 8 8 8 8 8 8 8 8 8 2 p 8 8 8 8 8 8 8 8 8 8 2 p 8 8 8 8 8 8 8 8 8 8 2 p 8 8 8 8 8 8 8 8 8 8 2 p 8 8 8 8 8 8 8 8 8 8 2 p 8 8 8 8 8 8 8 8 8 8 2 p 8 8 8 8 8 8 8 8 8 8 
8 0 1 2 0 1 2 2 1 2 0 8 2 p 8 8 8 8 8 8 8 8 8 8 2 p 8 8 8 8 8 8 8 8 8 8 2 p 8 8 8 8 8 8 8 8 8 8 2 p 8 8 8 8 8 8 8 8 8 8 2 p 8 8 8 8 8 8 8 8 8 8 2 p 8 8 8 8 8 8 8 8 8 8 2 p 8 8 8 8 8 8 8 8 8 8 2 p 8 8 8 8 8 8 8 8 8 8 2 p 8 8 8 8 8 8 8 8 8 8 2 p 8 8 8 8 8 8 8 8 8 8 
8 0 1 0 0 1 2 1 1 2 1 8 2 p 8 8 8 8 8 8 8 8 8 8 2 p 8 8 8 8 8 8 8 8 8 8 2 p 8 8 8 8 8 8 8 8 8 8 2 p 8 8 8 8 8 8 8 8 8 8 2 p 8 8 8 8 8 8 8 8 8 8 2 p 8 8 8 8 8 8 8 8 8 8 2 p 8 8 8 8 8 8 8 8 8 8 2 p 8 8 8 8 8 8 8 8 8 8 2 p 8 8 8 8 8 8 8 8 8 8 2 p 8 8 8 8 8 8 8 8 8 8 2 p 8 8 8 8 8 8 8 8 8 8 2 p 8 8 8 8 8 8 8 8 8 8 2 p 8 8 8 8 8 8 8 8 8 8 2 p 8 8 8 8 8 8 8 8 8 8 2 p 8 8 8 8 8 8 8 8 8 8 2 p 8 8 8 8 8 8 8 8 8 8 2 p 8 8 8 8 8 8 8 8 8 8 2 p 8 8 8 8 8 8 8 8 8 8 2 p 8 8 8 8 8 8 8 8 8 8 2 p 8 8 8 8 8 8 8 8 8 8 2 p 8 8 8 8 8 8 8 8 8 8 
8 0 1 p 0 1 2 2 1 2 0 8 2 p 8 8 8 8 8 8 8 8 8 8 2 p 8 8 8 8 8 8 8 8 8 8 2 p 8 8 8 8 8 8 8 8 8 8 2 p 8 8 8 8 8 8 8 8 8 8 2 p 8 8 8 8 8 8 8 8 8 8 2 p 8 8 8 8 8 8 8 8 8 8 2 p 8 8 8 8 8 8 8 8 8 8 2 p 8 8 8 8 8 8 8 8 8 8 2 p 8 8 8 8 8 8 8 8 8 8 2 p 8 8 8 8 8 8 8 8 8 8 
8 0 2 1 p 2 2 0 1 2 0 8 2 p 8 8 8 8 8 8 8 8 8 8 2 p 8 8 8 8 8 8 8 8 8 8 2 p 8 8 8 8 8 8 8 8 8 8 2 p 8 8 8 8 8 8 8 8 8 8 2 p 8 8 8 8 8 8 8 8 8 8 2 p 8 8 8 8 8 8 8 8 8 8 2 p 8 8 8 8 8 8 8 8 8 8 2 p 8 8 8 8 8 8 8 8 8 8 2 p 8 8 8 8 8 8 8 8 8 8 2 p 8 8 8 8 8 8 8 8 8 8 
8 0 1 2 0 1 2 2 1 2 0 8 2 p 8 8 8 8 8 8 8 8 8 8 2 p 8 8 8 8 8 8 8 8 8 8 2 p 8 8 8 8 8 8 8 8 8 8 2 p 8 8 8 8 8 8 8 8 8 8 2 p 8 8 8 8 8 8 8 8 8 8 2 p 8 8 8 8 8 8 8 8 8 8 2 p 8 8 8 8 8 8 8 8 8 8 2 p 8 8 8 8 8 8 8 8 8 8 2 p 8 8 8 8 8 8 8 8 8 8 2 p 8 8 8 8 8 8 8 8 8 8 
8 0 1 0 0 1 2 1 1 2 1 8 2 p 8 8 8 8 8 8 8 8 8 8 2 p 8 8 8 8 8 8 8 8 8 8 2 p 8 8 8 8 8 8 8 8 8 8 2 p 8 8 8 8 8 8 8 8 8 8 2 p 8 8 8 8 8 8 8 8 8 8 2 p 8 8 8 8 8 8 8 8 8 8 2 p 8 8 8 8 8 8 8 8 8 8 2 p 8 8 8 8 8 8 8 8 8 8 2 p 8 8 8 8 8 8 8 8 8 8 2 p 8 8 8 8 8 8 8 8 8 8 2 p 8 8 8 8 8 8 8 8 8 8 2 p 8 8 8 8 8 8 8 8 8 8 2 p 8 8 8 8 8 8 8 8 8 8 2 p 8 8 8 8 8 8 8 8 8 8 2 p 8 8 8 8 8 8 8 8 8 8 2 p 8 8 8 8 8 8 8 8 8 8 2 p 8 8 8 8 8 8 8 8 8 8 2 p 8 8 8 8 8 8 8 8 8 8 2 p 8 8 8 8 8 8 8 8 8 8 2 p 8 8 8 8 8 8 8 8 8 8 2 p 8 8 8 8 8 8 8 8 8 8 
8 0 1 p 0 1 2 2 1 2 0 8 2 p 8 8 8 8 8 8 8 8 8 8 2 p 8 8 8 8 8 8 8 8 8 8 2 p 8 8 8 8 8 8 8 8 8 8 2 p 8 8 8 8 8 8 8 8 8 8 2 p 8 8 8 8 8 8 8 8 8 8 2 p 8 8 8 8 8 8 8 8 8 8 2 p 8 8 8 8 8 8 8 8 8 8 2 p 8 8 8 8 8 8 8 8 8 8 2 p 8 8 8 8 8 8 8 8 8 8 2 p 8 8 8 8 8 8 8 8 8 8 
8 0 2 1 p 2 2 0 1 2 0 8 2 p 8 8 8 8 8 8 8 8 8 8 2 p 8 8 8 8 8 8 8 8 8 8 2 p 8 8 8 8 8 8 8 8 8 8 2 p 8 8 8 8 8 8 8 8 8 8 2 p 8 8 8 8 8 8 8 8 8 8 2 p 8 8 8 8 8 8 8 8 8 8 2 p 8 8 8 8 8 8 8 8 8 8 2 p 8 8 8 8 8 8 8 8 8 8 2 p 8 8 8 8 8 8 8 8 8 8 2 p 8 8 8 8 8 8 8 8 8 8 
8 0 1 2 0 1 2 2 1 2 0 8 2 p 8 8 8 8 8 8 8 8 8 8 2 p 8 8 8 8 8 8 8 8 8 8 2 p 8 8 8 8 8 8 8 8 8 8 2 p 8 8 8 8 8 8 8 8 8 8 2 p 8 8 8 8 8 8 8 8 8 8 2 p 8 8 8 8 8 8 8 8 8 8 2 p 8 8 8 8 8 8 8 8 8 8 2 p 8 8 8 8 8 8 8 8 8 8 2 p 8 8 8 8 8 8 8 8 8 8 2 p 8 8 8 8 8 8 8 8 8 8 
8 0 1 0 0 1 2 1 1 2 1 8 2 p 8 8 8 8 8 8 8 8 8 8 2 p 8 8 8 8 8 8 8 8 8 8 2 p 8 8 8 8 8 8 8 8 8 8 2 p 8 8 8 8 8 8 8 8 8 8 2 p 8 8 8 8 8 8 8 8 8 8 2 p 8 8 8 8 8 8 8 8 8 8 2 p 8 8 8 8 8 8 8 8 8 8 2 p 8 8 8 8 8 8 8 8 8 8 2 p 8 8 8 8 8 8 8 8 8 8 2 p 8 8 8 8 8 8 8 8 8 8 2 p 8 8 8 8 8 8 8 8 8 8 2 p 8 8 8 8 8 8 8 8 8 8 2 p 8 8 8 8 8 8 8 8 8 8 2 p 8 8 8 8 8 8 8 8 8 8 2 p 8 8 8 8 8 8 8 8 8 8 2 p 8 8 8 8 8 8 8 8 8 8 2 p 8 8 8 8 8 8 8 8 8 8 2 p 8 8 8 8 8 8 8 8 8 8 2 p 8 8 8 8 8 8 8 8 8 8 2 p 8 8 8 8 8 8 8 8 8 8 2 p 8 8 8 8 8 8 8 8 8 8 
8 0 1 p 0 1 2 2 1 2 0 8 2 p 8 8 8 8 8 8 8 8 8 8 2 p 8 8 8 8 8 8 8 8 8 8 2 p 8 8 8 8 8 8 8 8 8 8 2 p 8 8 8 8 8 8 8 8 8 8 2 p 8 8 8 8 8 8 8 8 8 8 2 p 8 8 8 8 8 8 8 8 8 8 2 p 8 8 8 8 8 8 8 8 8 8 2 p 8 8 8 8 8 8 8 8 8 8 2 p 8 8 8 8 8 8 8 8 8 8 2 p 8 8 8 8 8 8 8 8 8 8 
8 0 2 1 p 2 2 0 1 2 0 8 2 p 8 8 8 8 8 8 8 8 8 8 2 p 8 8 8 8 8 8 8 8 8 8 2 p 8 8 8 8 8 8 8 8 8 8 2 p 8 8 8 8 8 8 8 8 8 8 2 p 8 8 8 8 8 8 8 8 8 8 2 p 8 8 8 8 8 8 8 8 8 8 2 p 8 8 8 8 8 8 8 8 8 8 2 p 8 8 8 8 8 8 8 8 8 8 2 p 8 8 8 8 8 8 8 8 8 8 2 p 8 8 8 8 8 8 8 8 8 8 
8 0 1 2 0 1 2 2 1 2 0 8 2 p 8 8 8 8 8 8 8 8 8 8 2 p 8 8 8 8 8 8 8 8 8 8 2 p 8 8 8 8 8 8 8 8 8 8 2 p 8 8 8 8 8 8 8 8 8 8 2 p 8 8 8 8 8 8 8 8 8 8 2 p 8 8 8 8 8 8 8 8 8 8 2 p 8 8 8 8 8 8 8 8 8 8 2 p 8 8 8 8 8 8 8 8 8 8 2 p 8 8 8 8 8 8 8 8 8 8 2 p 8 8 8 8 8 8 8 8 8 8 
8 0 1 0 0 1 2 1 1 2 1 8 2 p 8 8 8 8 8 8 8 8 8 8 2 p 8 8 8 8 8 8 8 8 8 8 2 p 8 8 8 8 8 8 8 8 8 8 2 p 8 8 8 8 8 8 8 8 8 8 2 p 8 8 8 8 8 8 8 8 8 8 2 p 8 8 8 8 8 8 8 8 8 8 2 p 8 8 8 8 8 8 8 8 8 8 2 p 8 8 8 8 8 8 8 8 8 8 2 p 8 8 8 8 8 8 8 8 8 8 2 p 8 8 8 8 8 8 8 8 8 8 2 p 8 8 8 8 8 8 8 8 8 8 2 p 8 8 8 8 8 8 8 8 8 8 2 p 8 8 8 8 8 8 8 8 8 8 2 p 8 8 8 8 8 8 8 8 8 8 2 p 8 8 8 8 8 8 8 8 8 8 2 p 8 8 8 8 8 8 8 8 8 8 2 p 8 8 8 8 8 8 8 8 8 8 2 p 8 8 8 8 8 8 8 8 8 8 2 p 8 8 8 8 8 8 8 8 8 8 2 p 8 8 8 8 8 8 8 8 8 8 2 p 8 8 8 8 8 8 8 8 8 8 
8 0 1 p 0 1 2 2 1 2 0 8 2 p 8 8 8 8 8 8 8 8 8 8 2 p 8 8 8 8 8 8 8 8 8 8 2 p 8 8 8 8 8 8 8 8 8 8 2 p 8 8 8 8 8 8 8 8 8 8 2 p 8 8 8 8 8 8 8 8 8 8 2 p 8 8 8 8 8 8 8 8 8 8 2 p 8 8 8 8 8 8 8 8 8 8 2 p 8 8 8 8 8 8 8 8 8 8 2 p 8 8 8 8 8 8 8 8 8 8 2 p 8 8 8 8 8 8 8 8 8 8 
8 0 2 1 p 2 2 0 1 2 0 8 2 p 8 8 8 8 8 8 8 8 8 8 2 p 8 8 8 8 8 8 8 8 8 8 2 p 8 8 8 8 8 8 8 8 8 8 2 p 8 8 8 8 8 8 8 8 8 8 2 p 8 8 8 8 8 8 8 8 8 8 2 p 8 8 8 8 8 8 8 8 8 8 2 p 8 8 8 8 8 8 8 8 8 8 2 p 8 8 8 8 8 8 8 8 8 8 2 p 8 8 8 8 8 8 8 8 8 8 2 p 8 8 8 8 8 8 8 8 8 8 
8 0 1 2 0 1 2 2 1 2 0 8 2 p 8 8 8 8 8 8 8 8 8 8 2 p 8 8 8 8 8 8 8 8 8 8 2 p 8 8 8 8 8 8 8 8 8 8 2 p 8 8 8 8 8 8 8 8 8 8 2 p 8 8 8 8 8 8 8 8 8 8 2 p 8 8 8 8 8 8 8 8 8 8 2 p 8 8 8 8 8 8 8 8 8 8 2 p 8 8 8 8 8 8 8 8 8 8 2 p 8 8 8 8 8 8 8 8 8 8 2 p 8 8 8 8 8 8 8 8 8 8 
8 0 1 0 0 1 2 1 1 2 1 8 2 p 8 8 8 8 8 8 8 8 8 8 2 p 8 8 8 8 8 8 8 8 8 8 2 p 8 8 8 8 8 8 8 8 8 8 2 p 8 8 8 8 8 8 8 8 8 8 2 p 8 8 8 8 8 8 8 8 8 8 2 p 8 8 8 8 8 8 8 8 8 8 2 p 8 8 8 8 8 8 8 8 8 8 2 p 8 8 8 8 8 8 8 8 8 8 2 p 8 8 8 8 8 8 8 8 8 8 2 p 8 8 8 8 8 8 8 8 8 8 2 p 8 8 8 8 8 8 8 8 8 8 2 p 8 8 8 8 8 8 8 8 8 8 2 p 8 8 8 8 8 8 8 8 8 8 2 p 8 8 8 8 8 8 8 8 8 8 2 p 8 8 8 8 8 8 8 8 8 8 2 p 8 8 8 8 8 8 8 8 8 8 2 p 8 8 8 8 8 8 8 8 8 8 2 p 8 8 8 8 8 8 8 8 8 8 2 p 8 8 8 8 8 8 8 8 8 8 2 p 8 8 8 8 8 8 8 8 8 8 2 p 8 8 8 8 8 8 8 8 8 8 
8 0 1 p 0 1 2 2 1 2 0 8 2 p 8 8 8 8 8 8 8 8 8 8 2 p 8 8 8 8 8 8 8 8 8 8 2 p 8 8 8 8 8 8 8 8 8 8 2 p 8 8 8 8 8 8 8 8 8 8 2 p 8 8 8 8 8 8 8 8 8 8 2 p 8 8 8 8 8 8 8 8 8 8 2 p 8 8 8 8 8 8 8 8 8 8 2 p 8 8 8 8 8 8 8 8 8 8 2 p 8 8 8 8 8 8 8 8 8 8 2 p 8 8 8 8 8 8 8 8 8 8 
8 0 2 1 p 2 2 0 1 2 0 8 2 p 8 8 8 8 8 8 8 8 8 8 2 p 8 8 8 8 8 8 8 8 8 8 2 p 8 8 8 8 8 8 8 8 8 8 2 p 8 8 8 8 8 8 8 8 8 8 2 p 8 8 8 8 8 8 8 8 8 8 2 p 8 8 8 8 8 8 8 8 8 8 2 p 8 8 8 8 8 8 8 8 8 8 2 p 8 8 8 8 8 8 8 8 8 8 2 p 8 8 8 8 8 8 8 8 8 8 2 p 8 8 8 8 8 8 8 8 8 8 
8 0 1 2 0 1 2 2 1 2 0 8 2 p 8 8 8 8 8 8 8 8 8 8 2 p 8 8 8 8 8 8 8 8 8 8 2 p 8 8 8 8 8 8 8 8 8 8 2 p 8 8 8 8 8 8 8 8 8 8 2 p 8 8 8 8 8 8 8 8 8 8 2 p 8 8 8 8 8 8 8 8 8 8 2 p 8 8 8 8 8 8 8 8 8 8 2 p 8 8 8 8 8 8 8 8 8 8 2 p 8 8 8 8 8 8 8 8 8 8 2 p 8 8 8 8 8 8 8 8 8 8 
8 0 1 0 0 1 2 1 1 2 1 8 2 p 8 8 8 8 8 8 8 8 8 8 2 p 8 8 8 8 8 8 8 8 8 8 2 p 8 8 8 8 8 8 8 8 8 8 2 p 8 8 8 8 8 8 8 8 8 8 2 p 8 8 8 8 8 8 8 8 8 8 2 p 8 8 8 8 8 8 8 8 8 8 2 p 8 8 8 8 8 8 8 8 8 8 2 p 8 8 8 8 8 8 8 8 8 8 2 p 8 8 8 8 8 8 8 8 8 8 2 p 8 8 8 8 8 8 8 8 8 8 2 p 8 8 8 8 8 8 8 8 8 8 2 p 8 8 8 8 8 8 8 8 8 8 2 p 8 8 8 8 8 8 8 8 8 8 2 p 8 8 8 8 8 8 8 8 8 8 2 p 8 8 8 8 8 8 8 8 8 8 2 p 8 8 8 8 8 8 8 8 8 8 2 p 8 8 8 8 8 8 8 8 8 8 2 p 8 8 8 8 8 8 8 8 8 8 2 p 8 8 8 8 8 8 8 8 8 8 2 p 8 8 8 8 8 8 8 8 8 8 2 p 8 8 8 8 8 8 8 8 8 8 
8 0 1 p 0 1 2 2 1 2 0 8 2 p 8 8 8 8 8 8 8 8 8 8 2 p 8 8 8 8 8 8 8 8 8 8 2 p 8 8 8 8 8 8 8 8 8 8 2 p 8 8 8 8 8 8 8 8 8 8 2 p 8 8 8 8 8 8 8 8 8 8 2 p 8 8 8 8 8 8 8 8 8 8 2 p 8 8 8 8 8 8 8 8 8 8 2 p 8 8 8 8 8 8 8 8 8 8 2 p 8 8 8 8 8 8 8 8 8 8 2 p 8 8 8 8 8 8 8 8 8 8 
8 0 2 1 p 2 2 0 1 2 0 8 2 p 8 8 8 8 8 8 8 8 8 8 2 p 8 8 8 8 8 8 8 8 8 8 2 p 8 8 8 8 8 8 8 8 8 8 2 p 8 8 8 8 8 8 8 8 8 8 2 p 8 8 8 8 8 8 8 8 8 8 2 p 8 8 8 8 8 8 8 8 8 8 2 p 8 8 8 8 8 8 8 8 8 8 2 p 8 8 8 8 8 8 8 8 8 8 2 p 8 8 8 8 8 8 8 8 8 8 2 p 8 8 8 8 8 8 8 8 8 8 
8 0 1 2 0 1 2 2 1 2 0 8 2 p 8 8 8 8 8 8 8 8 8 8 2 p 8 8 8 8 8 8 8 8 8 8 2 p 8 8 8 8 8 8 8 8 8 8 2 p 8 8 8 8 8 8 8 8 8 8 2 p 8 8 8 8 8 8 8 8 8 8 2 p 8 8 8 8 8 8 8 8 8 8 2 p 8 8 8 8 8 8 8 8 8 8 2 p 8 8 8 8 8 8 8 8 8 8 2 p 8 8 8 8 8 8 8 8 8 8 2 p 8 8 8 8 8 8 8 8 8 8 
8 0 1 0 0 1 2 1 1 2 1 8 2 p 8 8 8 8 8 8 8 8 8 8 2 p 8 8 8 8 8 8 8 8 8 8 2 p 8 8 8 8 8 8 8 8 8 8 2 p 8 8 8 8 8 8 8 8 8 8 2 p 8 8 8 8 8 8 8 8 8 8 2 p 8 8 8 8 8 8 8 8 8 8 2 p 8 8 8 8 8 8 8 8 8 8 2 p 8 8 8 8 8 8 8 8 8 8 2 p 8 8 8 8 8 8 8 8 8 8 2 p 8 8 8 8 8 8 8 8 8 8
2 p 8 8 8 8 8 8 8 8 8 8 2 p 8 8 8 8 8 8 8 8 8 8 2 p 8 8 8 8 8 8 8 8 8 8 2 p 8 8 8 8 8 8 8 8 8 8 2 p 8 8 8 8 8 8 8 8 8 8 2 p 8 8 8 8 8 8 8 8 8 8 2 p 8 8 8 8 8 8 8 8 8 8 2 p 8 8 8 8 8 8 8 8 8 8 2 p 8 8 8 8 8 8 8 8 8 8 2 p 8 8 8 8 8 8 8 8 8 8 2 p 8 8 8 8 8 8 8 8 8 8 
8 0 1 p 0 1 2 2 1 2 0 8 2 p 8 8 8 8 8 8 8 8 8 8 2 p 8 8 8 8 8 8 8 8 8 8 2 p 8 8 8 8 8 8 8 8 8 8 2 p 8 8 8 8 8 8 8 8 8 8 2 p 8 8 8 8 8 8 8 8 8 8 2 p 8 8 8 8 8 8 8 8 8 8 2 p 8 8 8 8 8 8 8 8 8 8 2 p 8 8 8 8 8 8 8 8 8 8 2 p 8 8 8 8 8 8 8 8 8 8 2 p 8 8 8 8 8 8 8 8 8 8 
8 0 2 1 p 2 2 0 1 2 0 8 2 p 8 8 8 8 8 8 8 8 8 8 2 p 8 8 8 8 8 8 8 8 8 8 2 p 8 8 8 8 8 8 8 8 8 8 2 p 8 8 8 8 8 8 8 8 8 8 2 p 8 8 8 8 8 8 8 8 8 8 2 p 8 8 8 8 8 8 8 8 8 8 2 p 8 8 8 8 8 8 8 8 8 8 2 p 8 8 8 8 8 8 8 8 8 8 2 p 8 8 8 8 8 8 8 8 8 8 2 p 8 8 8 8 8 8 8 8 8 8 
8 0 1 2 0 1 2 2 1 2 0 8 2 p 8 8 8 8 8 8 8 8 8 8 2 p 8 8 8 8 8 8 8 8 8 8 2 p 8 8 8 8 8 8 8 8 8 8 2 p 8 8 8 8 8 8 8 8 8 8 2 p 8 8 8 8 8 8 8 8 8 8 2 p 8 8 8 8 8 8 8 8 8 8 2 p 8 8 8 8 8 8 8 8 8 8 2 p 8 8 8 8 8 8 8 8 8 8 2 p 8 8 8 8 8 8 8 8 8 8 2 p 8 8 8 8 8 8 8 8 8 8 
8 0 1 0 0 1 2 1 1 2 1 8 2 p 8 8 8 8 8 8 8 8 8 8 2 p 8 8 8 8 8 8 8 8 8 8 2 p 8 8 8 8 8 8 8 8 8 8 2 p 8 8 8 8 8 8 8 8 8 8 2 p 8 8 8 8 8 8 8 8 8 8 2 p 8 8 8 8 8 8 8 8 8 8 2 p 8 8 8 8 8 8 8 8 8 8 2 p 8 8 8 8 8 8 8 8 8 8 2 p 8 8 8 8 8 8 8 8 8 8 2 p 8 8 8 8 8 8 8 8 8 8 2 p 8 8 8 8 8 8 8 8 8 8 2 p 8 8 8 8 8 8 8 8 8 8 2 p 8 8 8 8 8 8 8 8 8 8 2 p 8 8 8 8 8 8 8 8 8 8 2 p 8 8 8 8 8 8 8 8 8 8 2 p 8 8 8 8 8 8 8 8 8 8 2 p 8 8 8 8 8 8 8 8 8 8 2 p 8 8 8 8 8 8 8 8 8 8 2 p 8 8 8 8 8 8 8 8 8 8 2 p 8 8 8 8 8 8 8 8 8 8 2 p 8 8 8 8 8 8 8 8 8 8 
8 0 1 p 0 1 2 2 1 2 0 8 2 p 8 8 8 8 8 8 8 8 8 8 2 p 8 8 8 8 8 8 8 8 8 8 2 p 8 8 8 8 8 8 8 8 8 8 2 p 8 8 8 8 8 8 8 8 8 8 2 p 8 8 8 8 8 8 8 8 8 8 2 p 8 8 8 8 8 8 8 8 8 8 2 p 8 8 8 8 8 8 8 8 8 8 2 p 8 8 8 8 8 8 8 8 8 8 2 p 8 8 8 8 8 8 8 8 8 8 2 p 8 8 8 8 8 8 8 8 8 8 
8 0 2 1 p 2 2 0 1 2 0 8 2 p 8 8 8 8 8 8 8 8 8 8 2 p 8 8 8 8 8 8 8 8 8 8 2 p 8 8 8 8 8 8 8 8 8 8 2 p 8 8 8 8 8 8 8 8 8 8 2 p 8 8 8 8 8 8 8 8 8 8 2 p 8 8 8 8 8 8 8 8 8 8 2 p 8 8 8 8 8 8 8 8 8 8 2 p 8 8 8 8 8 8 8 8 8 8 2 p 8 8 8 8 8 8 8 8 8 8 2 p 8 8 8 8 8 8 8 8 8 8 
8 0 1 2 0 1 2 2 1 2 0 8 2 p 8 8 8 8 8 8 8 8 8 8 2 p 8 8 8 8 8 8 8 8 8 8 2 p 8 8 8 8 8 8 8 8 8 8 2 p 8 8 8 8 8 8 8 8 8 8 2 p 8 8 8 8 8 8 8 8 8 8 2 p 8 8 8 8 8 8 8 8 8 8 2 p 8 8 8 8 8 8 8 8 8 8 2 p 8 8 8 8 8 8 8 8 8 8 2 p 8 8 8 8 8 8 8 8 8 8 2 p 8 8 8 8 8 8 8 8 8 8 
8 0 1 0 0 1 2 1 1 2 1 8 2 p 8 8 8 8 8 8 8 8 8 8 2 p 8 8 8 8 8 8 8 8 8 8 2 p 8 8 8 8 8 8 8 8 8 8 2 p 8 8 8 8 8 8 8 8 8 8 2 p 8 8 8 8 8 8 8 8 8 8 2 p 8 8 8 8 8 8 8 8 8 8 2 p 8 8 8 8 8 8 8 8 8 8 2 p 8 8 8 8 8 8 8 8 8 8 2 p 8 8 8 8 8 8 8 8 8 8 2 p 8 8 8 8 8 8 8 8 8 8 2 p 8 8 8 8 8 8 8 8 8 8 2 p 8 8 8 8 8 8 8 8 8 8 2 p 8 8 8 8 8 8 8 8 8 8 2 p 8 8 8 8 8 8 8 8 8 8 2 p 8 8 8 8 8 8 8 8 8 8 2 p 8 8 8 8 8 8 8 8 8 8 2 p 8 8 8 8 8 8 8 8 8 8 2 p 8 8 8 8 8 8 8 8 8 8 2 p 8 8 8 8 8 8 8 8 8 8 2 p 8 8 8 8 8 8 8 8 8 8 2 p 8 8 8 8 8 8 8 8 8 8 
8 0 1 p 0 1 2 2 1 2 0 8 2 p 8 8 8 8 8 8 8 8 8 8 2 p 8 8 8 8 8 8 8 8 8 8 2 p 8 8 8 8 8 8 8 8 8 8 2 p 8 8 8 8 8 8 8 8 8 8 2 p 8 8 8 8 8 8 8 8 8 8 2 p 8 8 8 8 8 8 8 8 8 8 2 p 8 8 8 8 8 8 8 8 8 8 2 p 8 8 8 8 8 8 8 8 8 8 2 p 8 8 8 8 8 8 8 8 8 8 2 p 8 8 8 8 8 8 8 8 8 8 
8 0 2 1 p 2 2 0 1 2 0 8 2 p 8 8 8 8 8 8 8 8 8 8 2 p 8 8 8 8 8 8 8 8 8 8 2 p 8 8 8 8 8 8 8 8 8 8 2 p 8 8 8 8 8 8 8 8 8 8 2 p 8 8 8 8 8 8 8 8 8 8 2 p 8 8 8 8 8 8 8 8 8 8 2 p 8 8 8 8 8 8 8 8 8 8 2 p 8 8 8 8 8 8 8 8 8 8 2 p 8 8 8 8 8 8 8 8 8 8 2 p 8 8 8 8 8 8 8 8 8 8 
8 0 1 2 0 1 2 2 1 2 0 8 2 p 8 8 8 8 8 8 8 8 8 8 2 p 8 8 8 8 8 8 8 8 8 8 2 p 8 8 8 8 8 8 8 8 8 8 2 p 8 8 8 8 8 8 8 8 8 8 2 p 8 8 8 8 8 8 8 8 8 8 2 p 8 8 8 8 8 8 8 8 8 8 2 p 8 8 8 8 8 8 8 8 8 8 2 p 8 8 8 8 8 8 8 8 8 8 2 p 8 8 8 8 8 8 8 8 8 8 2 p 8 8 8 8 8 8 8 8 8 8 
8 0 1 0 0 1 2 1 1 2 1 8 2 p 8 8 8 8 8 8 8 8 8 8 2 p 8 8 8 8 8 8 8 8 8 8 2 p 8 8 8 8 8 8 8 8 8 8 2 p 8 8 8 8 8 8 8 8 8 8 2 p 8 8 8 8 8 8 8 8 8 8 2 p 8 8 8 8 8 8 8 8 8 8 2 p 8 8 8 8 8 8 8 8 8 8 2 p 8 8 8 8 8 8 8 8 8 8 2 p 8 8 8 8 8 8 8 8 8 8 2 p 8 8 8 8 8 8 8 8 8 8 2 p 8 8 8 8 8 8 8 8 8 8 2 p 8 8 8 8 8 8 8 8 8 8 2 p 8 8 8 8 8 8 8 8 8 8 2 p 8 8 8 8 8 8 8 8 8 8 2 p 8 8 8 8 8 8 8 8 8 8 2 p 8 8 8 8 8 8 8 8 8 8 2 p 8 8 8 8 8 8 8 8 8 8 2 p 8 8 8 8 8 8 8 8 8 8 2 p 8 8 8 8 8 8 8 8 8 8 2 p 8 8 8 8 8 8 8 8 8 8 2 p 8 8 8 8 8 8 8 8 8 8 
8 0 1 p 0 1 2 2 1 2 0 8 2 p 8 8 8 8 8 8 8 8 8 8 2 p 8 8 8 8 8 8 8 8 8 8 2 p 8 8 8 8 8 8 8 8 8 8 2 p 8 8 8 8 8 8 8 8 8 8 2 p 8 8 8 8 8 8 8 8 8 8 2 p 8 8 8 8 8 8 8 8 8 8 2 p 8 8 8 8 8 8 8 8 8 8 2 p 8 8 8 8 8 8 8 8 8 8 2 p 8 8 8 8 8 8 8 8 8 8 2 p 8 8 8 8 8 8 8 8 8 8 
8 0 2 1 p 2 2 0 1 2 0 8 2 p 8 8 8 8 8 8 8 8 8 8 2 p 8 8 8 8 8 8 8 8 8 8 2 p 8 8 8 8 8 8 8 8 8 8 2 p 8 8 8 8 8 8 8 8 8 8 2 p 8 8 8 8 8 8 8 8 8 8 2 p 8 8 8 8 8 8 8 8 8 8 2 p 8 8 8 8 8 8 8 8 8 8 2 p 8 8 8 8 8 8 8 8 8 8 2 p 8 8 8 8 8 8 8 8 8 8 2 p 8 8 8 8 8 8 8 8 8 8 
8 0 1 2 0 1 2 2 1 2 0 8 2 p 8 8 8 8 8 8 8 8 8 8 2 p 8 8 8 8 8 8 8 8 8 8 2 p 8 8 8 8 8 8 8 8 8 8 2 p 8 8 8 8 8 8 8 8 8 8 2 p 8 8 8 8 8 8 8 8 8 8 2 p 8 8 8 8 8 8 8 8 8 8 2 p 8 8 8 8 8 8 8 8 8 8 2 p 8 8 8 8 8 8 8 8 8 8 2 p 8 8 8 8 8 8 8 8 8 8 2 p 8 8 8 8 8 8 8 8 8 8 
8 0 1 0 0 1 2 1 1 2 1 8 2 p 8 8 8 8 8 8 8 8 8 8 2 p 8 8 8 8 8 8 8 8 8 8 2 p 8 8 8 8 8 8 8 8 8 8 2 p 8 8 8 8 8 8 8 8 8 8 2 p 8 8 8 8 8 8 8 8 8 8 2 p 8 8 8 8 8 8 8 8 8 8 2 p 8 8 8 8 8 8 8 8 8 8 2 p 8 8 8 8 8 8 8 8 8 8 2 p 8 8 8 8 8 8 8 8 8 8 2 p 8 8 8 8 8 8 8 8 8 8 2 p 8 8 8 8 8 8 8 8 8 8 2 p 8 8 8 8 8 8 8 8 8 8 2 p 8 8 8 8 8 8 8 8 8 8 2 p 8 8 8 8 8 8 8 8 8 8 2 p 8 8 8 8 8 8 8 8 8 8 2 p 8 8 8 8 8 8 8 8 8 8 2 p 8 8 8 8 8 8 8 8 8 8 2 p 8 8 8 8 8 8 8 8 8 8 2 p 8 8 8 8 8 8 8 8 8 8 2 p 8 8 8 8 8 8 8 8 8 8 2 p 8 8 8 8 8 8 8 8 8 8 
8 0 1 p 0 1 2 2 1 2 0 8 2 p 8 8 8 8 8 8 8 8 8 8 2 p 8 8 8 8 8 8 8 8 8 8 2 p 8 8 8 8 8 8 8 8 8 8 2 p 8 8 8 8 8 8 8 8 8 8 2 p 8 8 8 8 8 8 8 8 8 8 2 p 8 8 8 8 8 8 8 8 8 8 2 p 8 8 8 8 8 8 8 8 8 8 2 p 8 8 8 8 8 8 8 8 8 8 2 p 8 8 8 8 8 8 8 8 8 8 2 p 8 8 8 8 8 8 8 8 8 8 
8 0 2 1 p 2 2 0 1 2 0 8 2 p 8 8 8 8 8 8 8 8 8 8 2 p 8 8 8 8 8 8 8 8 8 8 2 p 8 8 8 8 8 8 8 8 8 8 2 p 8 8 8 8 8 8 8 8 8 8 2 p 8 8 8 8 8 8 8 8 8 8 2 p 8 8 8 8 8 8 8 8 8 8 2 p 8 8 8 8 8 8 8 8 8 8 2 p 8 8 8 8 8 8 8 8 8 8 2 p 8 8 8 8 8 8 8 8 8 8 2 p 8 8 8 8 8 8 8 8 8 8 
8 0 1 2 0 1 2 2 1 2 0 8 2 p 8 8 8 8 8 8 8 8 8 8 2 p 8 8 8 8 8 8 8 8 8 8 2 p 8 8 8 8 8 8 8 8 8 8 2 p 8 8 8 8 8 8 8 8 8 8 2 p 8 8 8 8 8 8 8 8 8 8 2 p 8 8 8 8 8 8 8 8 8 8 2 p 8 8 8 8 8 8 8 8 8 8 2 p 8 8 8 8 8 8 8 8 8 8 2 p 8 8 8 8 8 8 8 8 8 8 2 p 8 8 8 8 8 8 8 8 8 8 
8 0 1 0 0 1 2 1 1 2 1 8 2 p 8 8 8 8 8 8 8 8 8 8 2 p 8 8 8 8 8 8 8 8 8 8 2 p 8 8 8 8 8 8 8 8 8 8 2 p 8 8 8 8 8 8 8 8 8 8 2 p 8 8 8 8 8 8 8 8 8 8 2 p 8 8 8 8 8 8 8 8 8 8 2 p 8 8 8 8 8 8 8 8 8 8 2 p 8 8 8 8 8 8 8 8 8 8 2 p 8 8 8 8 8 8 8 8 8 8 2 p 8 8 8 8 8 8 8 8 8 8 2 p 8 8 8 8 8 8 8 8 8 8 2 p 8 8 8 8 8 8 8 8 8 8 2 p 8 8 8 8 8 8 8 8 8 8 2 p 8 8 8 8 8 8 8 8 8 8 2 p 8 8 8 8 8 8 8 8 8 8 2 p 8 8 8 8 8 8 8 8 8 8 2 p 8 8 8 8 8 8 8 8 8 8 2 p 8 8 8 8 8 8 8 8 8 8 2 p 8 8 8 8 8 8 8 8 8 8 2 p 8 8 8 8 8 8 8 8 8 8 2 p 8 8 8 8 8 8 8 8 8 8 
8 0 1 p 0 1 2 2 1 2 0 8 2 p 8 8 8 8 8 8 8 8 8 8 2 p 8 8 8 8 8 8 8 8 8 8 2 p 8 8 8 8 8 8 8 8 8 8 2 p 8 8 8 8 8 8 8 8 8 8 2 p 8 8 8 8 8 8 8 8 8 8 2 p 8 8 8 8 8 8 8 8 8 8 2 p 8 8 8 8 8 8 8 8 8 8 2 p 8 8 8 8 8 8 8 8 8 8 2 p 8 8 8 8 8 8 8 8 8 8 2 p 8 8 8 8 8 8 8 8 8 8 
8 0 2 1 p 2 2 0 1 2 0 8 2 p 8 8 8 8 8 8 8 8 8 8 2 p 8 8 8 8 8 8 8 8 8 8 2 p 8 8 8 8 8 8 8 8 8 8 2 p 8 8 8 8 8 8 8 8 8 8 2 p 8 8 8 8 8 8 8 8 8 8 2 p 8 8 8 8 8 8 8 8 8 8 2 p 8 8 8 8 8 8 8 8 8 8 2 p 8 8 8 8 8 8 8 8 8 8 2 p 8 8 8 8 8 8 8 8 8 8 2 p 8 8 8 8 8 8 8 8 8 8 
8 0 1 2 0 1 2 2 1 2 0 8 2 p 8 8 8 8 8 8 8 8 8 8 2 p 8 8 8 8 8 8 8 8 8 8 2 p 8 8 8 8 8 8 8 8 8 8 2 p 8 8 8 8 8 8 8 8 8 8 2 p 8 8 8 8 8 8 8 8 8 8 2 p 8 8 8 8 8 8 8 8 8 8 2 p 8 8 8 8 8 8 8 8 8 8 2 p 8 8 8 8 8 8 8 8 8 8 2 p 8 8 8 8 8 8 8 8 8 8 2 p 8 8 8 8 8 8 8 8 8 8 
8 0 1 0 0 1 2 1 1 2 1 8 2 p 8 8 8 8 8 8 8 8 8 8 2 p 8 8 8 8 8 8 8 8 8 8 2 p 8 8 8 8 8 8 8 8 8 8 2 p 8 8 8 8 8 8 8 8 8 8 2 p 8 8 8 8 8 8 8 8 8 8 2 p 8 8 8 8 8 8 8 8 8 8 2 p 8 8 8 8 8 8 8 8 8 8 2 p 8 8 8 8 8 8 8 8 8 8 2 p 8 8 8 8 8 8 8 8 8 8 2 p 8 8 8 8 8 8 8 8 8 8 2 p 8 8 8 8 8 8 8 8 8 8 2 p 8 8 8 8 8 8 8 8 8 8 2 p 8 8 8 8 8 8 8 8 8 8 2 p 8 8 8 8 8 8 8 8 8 8 2 p 8 8 8 8 8 8 8 8 8 8 2 p 8 8 8 8 8 8 8 8 8 8 2 p 8 8 8 8 8 8 8 8 8 8 2 p 8 8 8 8 8 8 8 8 8 8 2 p 8 8 8 8 8 8 8 8 8 8 2 p 8 8 8 8 8 8 8 8 8 8 2 p 8 8 8 8 8 8 8 8 8 8 
8 0 1 p 0 1 2 2 1 2 0 8 2 p 8 8 8 8 8 8 8 8 8 8 2 p 8 8 8 8 8 8 8 8 8 8 2 p 8 8 8 8 8 8 8 8 8 8 2 p 8 8 8 8 8 8 8 8 8 8 2 p 8 8 8 8 8 8 8 8 8 8 2 p 8 8 8 8 8 8 8 8 8 8 2 p 8 8 8 8 8 8 8 8 8 8 2 p 8 8 8 8 8 8 8 8 8 8 2 p 8 8 8 8 8 8 8 8 8 8 2 p 8 8 8 8 8 8 8 8 8 8 
8 0 2 1 p 2 2 0 1 2 0 8 2 p 8 8 8 8 8 8 8 8 8 8 2 p 8 8 8 8 8 8 8 8 8 8 2 p 8 8 8 8 8 8 8 8 8 8 2 p 8 8 8 8 8 8 8 8 8 8 2 p 8 8 8 8 8 8 8 8 8 8 2 p 8 8 8 8 8 8 8 8 8 8 2 p 8 8 8 8 8 8 8 8 8 8 2 p 8 8 8 8 8 8 8 8 8 8 2 p 8 8 8 8 8 8 8 8 8 8 2 p 8 8 8 8 8 8 8 8 8 8 
8 0 1 2 0 1 2 2 1 2 0 8 2 p 8 8 8 8 8 8 8 8 8 8 2 p 8 8 8 8 8 8 8 8 8 8 2 p 8 8 8 8 8 8 8 8 8 8 2 p 8 8 8 8 8 8 8 8 8 8 2 p 8 8 8 8 8 8 8 8 8 8 2 p 8 8 8 8 8 8 8 8 8 8 2 p 8 8 8 8 8 8 8 8 8 8 2 p 8 8 8 8 8 8 8 8 8 8 2 p 8 8 8 8 8 8 8 8 8 8 2 p 8 8 8 8 8 8 8 8 8 8 
8 0 1 0 0 1 2 1 1 2 1 8 2 p 8 8 8 8 8 8 8 8 8 8 2 p 8 8 8 8 8 8 8 8 8 8 2 p 8 8 8 8 8 8 8 8 8 8 2 p 8 8 8 8 8 8 8 8 8 8 2 p 8 8 8 8 8 8 8 8 8 8 2 p 8 8 8 8 8 8 8 8 8 8 2 p 8 8 8 8 8 8 8 8 8 8 2 p 8 8 8 8 8 8 8 8 8 8 2 p 8 8 8 8 8 8 8 8 8 8 2 p 8 8 8 8 8 8 8 8 8 8 2 p 8 8 8 8 8 8 8 8 8 8 2 p 8 8 8 8 8 8 8 8 8 8 2 p 8 8 8 8 8 8 8 8 8 8 2 p 8 8 8 8 8 8 8 8 8 8 2 p 8 8 8 8 8 8 8 8 8 8 2 p 8 8 8 8 8 8 8 8 8 8 2 p 8 8 8 8 8 8 8 8 8 8 2 p 8 8 8 8 8 8 8 8 8 8 2 p 8 8 8 8 8 8 8 8 8 8 2 p 8 8 8 8 8 8 8 8 8 8 2 p 8 8 8 8 8 8 8 8 8 8 
8 0 1 p 0 1 2 2 1 2 0 8 2 p 8 8 8 8 8 8 8 8 8 8 2 p 8 8 8 8 8 8 8 8 8 8 2 p 8 8 8 8 8 8 8 8 8 8 2 p 8 8 8 8 8 8 8 8 8 8 2 p 8 8 8 8 8 8 8 8 8 8 2 p 8 8 8 8 8 8 8 8 8 8 2 p 8 8 8 8 8 8 8 8 8 8 2 p 8 8 8 8 8 8 8 8 8 8 2 p 8 8 8 8 8 8 8 8 8 8 2 p 8 8 8 8 8 8 8 8 8 8 
8 0 2 1 p 2 2 0 1 2 0 8 2 p 8 8 8 8 8 8 8 8 8 8 2 p 8 8 8 8 8 8 8 8 8 8 2 p 8 8 8 8 8 8 8 8 8 8 2 p 8 8 8 8 8 8 8 8 8 8 2 p 8 8 8 8 8 8 8 8 8 8 2 p 8 8 8 8 8 8 8 8 8 8 2 p 8 8 8 8 8 8 8 8 8 8 2 p 8 8 8 8 8 8 8 8 8 8 2 p 8 8 8 8 8 8 8 8 8 8 2 p 8 8 8 8 8 8 8 8 8 8 
8 0 1 2 0 1 2 2 1 2 0 8 2 p 8 8 8 8 8 8 8 8 8 8 2 p 8 8 8 8 8 8 8 8 8 8 2 p 8 8 8 8 8 8 8 8 8 8 2 p 8 8 8 8 8 8 8 8 8 8 2 p 8 8 8 8 8 8 8 8 8 8 2 p 8 8 8 8 8 8 8 8 8 8 2 p 8 8 8 8 8 8 8 8 8 8 2 p 8 8 8 8 8 8 8 8 8 8 2 p 8 8 8 8 8 8 8 8 8 8 2 p 8 8 8 8 8 8 8 8 8 8 
8 0 1 0 0 1 2 1 1 2 1 8 2 p 8 8 8 8 8 8 8 8 8 8 2 p 8 8 8 8 8 8 8 8 8 8 2 p 8 8 8 8 8 8 8 8 8 8 2 p 8 8 8 8 8 8 8 8 8 8 2 p 8 8 8 8 8 8 8 8 8 8 2 p 8 8 8 8 8 8 8 8 8 8 2 p 8 8 8 8 8 8 8 8 8 8 2 p 8 8 8 8 8 8 8 8 8 8 2 p 8 8 8 8 8 8 8 8 8 8 2 p 8 8 8 8 8 8 8 8 8 8 2 p 8 8 8 8 8 8 8 8 8 8 2 p 8 8 8 8 8 8 8 8 8 8 2 p 8 8 8 8 8 8 8 8 8 8 2 p 8 8 8 8 8 8 8 8 8 8 2 p 8 8 8 8 8 8 8 8 8 8 2 p 8 8 8 8 8 8 8 8 8 8 2 p 8 8 8 8 8 8 8 8 8 8 2 p 8 8 8 8 8 8 8 8 8 8 2 p 8 8 8 8 8 8 8 8 8 8 2 p 8 8 8 8 8 8 8 8 8 8 2 p 8 8 8 8 8 8 8 8 8 8 
8 0 1 p 0 1 2 2 1 2 0 8 2 p 8 8 8 8 8 8 8 8 8 8 2 p 8 8 8 8 8 8 8 8 8 8 2 p 8 8 8 8 8 8 8 8 8 8 2 p 8 8 8 8 8 8 8 8 8 8 2 p 8 8 8 8 8 8 8 8 8 8 2 p 8 8 8 8 8 8 8 8 8 8 2 p 8 8 8 8 8 8 8 8 8 8 2 p 8 8 8 8 8 8 8 8 8 8 2 p 8 8 8 8 8 8 8 8 8 8 2 p 8 8 8 8 8 8 8 8 8 8 
8 0 2 1 p 2 2 0 1 2 0 8 2 p 8 8 8 8 8 8 8 8 8 8 2 p 8 8 8 8 8 8 8 8 8 8 2 p 8 8 8 8 8 8 8 8 8 8 2 p 8 8 8 8 8 8 8 8 8 8 2 p 8 8 8 8 8 8 8 8 8 8 2 p 8 8 8 8 8 8 8 8 8 8 2 p 8 8 8 8 8 8 8 8 8 8 2 p 8 8 8 8 8 8 8 8 8 8 2 p 8 8 8 8 8 8 8 8 8 8 2 p 8 8 8 8 8 8 8 8 8 8 
8 0 1 2 0 1 2 2 1 2 0 8 2 p 8 8 8 8 8 8 8 8 8 8 2 p 8 8 8 8 8 8 8 8 8 8 2 p 8 8 8 8 8 8 8 8 8 8 2 p 8 8 8 8 8 8 8 8 8 8 2 p 8 8 8 8 8 8 8 8 8 8 2 p 8 8 8 8 8 8 8 8 8 8 2 p 8 8 8 8 8 8 8 8 8 8 2 p 8 8 8 8 8 8 8 8 8 8 2 p 8 8 8 8 8 8 8 8 8 8 2 p 8 8 8 8 8 8 8 8 8 8 
8 0 1 0 0 1 2 1 1 2 1 8 2 p 8 8 8 8 8 8 8 8 8 8 2 p 8 8 8 8 8 8 8 8 8 8 2 p 8 8 8 8 8 8 8 8 8 8 2 p 8 8 8 8 8 8 8 8 8 8 2 p 8 8 8 8 8 8 8 8 8 8 2 p 8 8 8 8 8 8 8 8 8 8 2 p 8 8 8 8 8 8 8 8 8 8 2 p 8 8 8 8 8 8 8 8 8 8 2 p 8 8 8 8 8 8 8 8 8 8 2 p 8 8 8 8 8 8 8 8 8 8 2 p 8 8 8 8 8 8 8 8 8 8 2 p 8 8 8 8 8 8 8 8 8 8 2 p 8 8 8 8 8 8 8 8 8 8 2 p 8 8 8 8 8 8 8 8 8 8 2 p 8 8 8 8 8 8 8 8 8 8 2 p 8 8 8 8 8 8 8 8 8 8 2 p 8 8 8 8 8 8 8 8 8 8 2 p 8 8 8 8 8 8 8 8 8 8 2 p 8 8 8 8 8 8 8 8 8 8 2 p 8 8 8 8 8 8 8 8 8 8 2 p 8 8 8 8 8 8 8 8 8 8 
8 0 1 p 0 1 2 2 1 2 0 8 2 p 8 8 8 8 8 8 8 8 8 8 2 p 8 8 8 8 8 8 8 8 8 8 2 p 8 8 8 8 8 8 8 8 8 8 2 p 8 8 8 8 8 8 8 8 8 8 2 p 8 8 8 8 8 8 8 8 8 8 2 p 8 8 8 8 8 8 8 8 8 8 2 p 8 8 8 8 8 8 8 8 8 8 2 p 8 8 8 8 8 8 8 8 8 8 2 p 8 8 8 8 8 8 8 8 8 8 2 p 8 8 8 8 8 8 8 8 8 8 
8 0 2 1 p 2 2 0 1 2 0 8 2 p 8 8 8 8 8 8 8 8 8 8 2 p 8 8 8 8 8 8 8 8 8 8 2 p 8 8 8 8 8 8 8 8 8 8 2 p 8 8 8 8 8 8 8 8 8 8 2 p 8 8 8 8 8 8 8 8 8 8 2 p 8 8 8 8 8 8 8 8 8 8 2 p 8 8 8 8 8 8 8 8 8 8 2 p 8 8 8 8 8 8 8 8 8 8 2 p 8 8 8 8 8 8 8 8 8 8 2 p 8 8 8 8 8 8 8 8 8 8 
8 0 1 2 0 1 2 2 1 2 0 8 2 p 8 8 8 8 8 8 8 8 8 8 2 p 8 8 8 8 8 8 8 8 8 8 2 p 8 8 8 8 8 8 8 8 8 8 2 p 8 8 8 8 8 8 8 8 8 8 2 p 8 8 8 8 8 8 8 8 8 8 2 p 8 8 8 8 8 8 8 8 8 8 2 p 8 8 8 8 8 8 8 8 8 8 2 p 8 8 8 8 8 8 8 8 8 8 2 p 8 8 8 8 8 8 8 8 8 8 2 p 8 8 8 8 8 8 8 8 8 8 
8 0 1 0 0 1 2 1 1 2 1 8 2 p 8 8 8 8 8 8 8 8 8 8 2 p 8 8 8 8 8 8 8 8 8 8 2 p 8 8 8 8 8 8 8 8 8 8 2 p 8 8 8 8 8 8 8 8 8 8 2 p 8 8 8 8 8 8 8 8 8 8 2 p 8 8 8 8 8 8 8 8 8 8 2 p 8 8 8 8 8 8 8 8 8 8 2 p 8 8 8 8 8 8 8 8 8 8 2 p 8 8 8 8 8 8 8 8 8 8 2 p 8 8 8 8 8 8 8 8 8 8 2 p 8 8 8 8 8 8 8 8 8 8 2 p 8 8 8 8 8 8 8 8 8 8 2 p 8 8 8 8 8 8 8 8 8 8 2 p 8 8 8 8 8 8 8 8 8 8 2 p 8 8 8 8 8 8 8 8 8 8 2 p 8 8 8 8 8 8 8 8 8 8 2 p 8 8 8 8 8 8 8 8 8 8 2 p 8 8 8 8 8 8 8 8 8 8 2 p 8 8 8 8 8 8 8 8 8 8 2 p 8 8 8 8 8 8 8 8 8 8 2 p 8 8 8 8 8 8 8 8 8 8 
8 0 1 p 0 1 2 2 1 2 0 8 2 p 8 8 8 8 8 8 8 8 8 8 2 p 8 8 8 8 8 8 8 8 8 8 2 p 8 8 8 8 8 8 8 8 8 8 2 p 8 8 8 8 8 8 8 8 8 8 2 p 8 8 8 8 8 8 8 8 8 8 2 p 8 8 8 8 8 8 8 8 8 8 2 p 8 8 8 8 8 8 8 8 8 8 2 p 8 8 8 8 8 8 8 8 8 8 2 p 8 8 8 8 8 8 8 8 8 8 2 p 8 8 8 8 8 8 8 8 8 8 
8 0 2 1 p 2 2 0 1 2 0 8 2 p 8 8 8 8 8 8 8 8 8 8 2 p 8 8 8 8 8 8 8 8 8 8 2 p 8 8 8 8 8 8 8 8 8 8 2 p 8 8 8 8 8 8 8 8 8 8 2 p 8 8 8 8 8 8 8 8 8 8 2 p 8 8 8 8 8 8 8 8 8 8 2 p 8 8 8 8 8 8 8 8 8 8 2 p 8 8 8 8 8 8 8 8 8 8 2 p 8 8 8 8 8 8 8 8 8 8 2 p 8 8 8 8 8 8 8 8 8 8 
8 0 1 2 0 1 2 2 1 2 0 8 2 p 8 8 8 8 8 8 8 8 8 8 2 p 8 8 8 8 8 8 8 8 8 8 2 p 8 8 8 8 8 8 8 8 8 8 2 p 8 8 8 8 8 8 8 8 8 8 2 p 8 8 8 8 8 8 8 8 8 8 2 p 8 8 8 8 8 8 8 8 8 8 2 p 8 8 8 8 8 8 8 8 8 8 2 p 8 8 8 8 8 8 8 8 8 8 2 p 8 8 8 8 8 8 8 8 8 8 2 p 8 8 8 8 8 8 8 8 8 8 
8 0 1 0 0 1 2 1 1 2 1 8 2 p 8 8 8 8 8 8 8 8 8 8 2 p 8 8 8 8 8 8 8 8 8 8 2 p 8 8 8 8 8 8 8 8 8 8 2 p 8 8 8 8 8 8 8 8 8 8 2 p 8 8 8 8 8 8 8 8 8 8 2 p 8 8 8 8 8 8 8 8 8 8 2 p 8 8 8 8 8 8 8 8 8 8 2 p 8 8 8 8 8 8 8 8 8 8 2 p 8 8 8 8 8 8 8 8 8 8 2 p 8 8 8 8 8 8 8 8 8 8 2 p 8 8 8 8 8 8 8 8 8 8 2 p 8 8 8 8 8 8 8 8 8 8 2 p 8 8 8 8 8 8 8 8 8 8 2 p 8 8 8 8 8 8 8 8 8 8 2 p 8 8 8 8 8 8 8 8 8 8 2 p 8 8 8 8 8 8 8 8 8 8 2 p 8 8 8 8 8 8 8 8 8 8 2 p 8 8 8 8 8 8 8 8 8 8 2 p 8 8 8 8 8 8 8 8 8 8 2 p 8 8 8 8 8 8 8 8 8 8 2 p 8 8 8 8 8 8 8 8 8 8 
8 0 1 p 0 1 2 2 1 2 0 8 2 p 8 8 8 8 8 8 8 8 8 8 2 p 8 8 8 8 8 8 8 8 8 8 2 p 8 8 8 8 8 8 8 8 8 8 2 p 8 8 8 8 8 8 8 8 8 8 2 p 8 8 8 8 8 8 8 8 8 8 2 p 8 8 8 8 8 8 8 8 8 8 2 p 8 8 8 8 8 8 8 8 8 8 2 p 8 8 8 8 8 8 8 8 8 8 2 p 8 8 8 8 8 8 8 8 8 8 2 p 8 8 8 8 8 8 8 8 8 8 
8 0 2 1 p 2 2 0 1 2 0 8 2 p 8 8 8 8 8 8 8 8 8 8 2 p 8 8 8 8 8 8 8 8 8 8 2 p 8 8 8 8 8 8 8 8 8 8 2 p 8 8 8 8 8 8 8 8 8 8 2 p 8 8 8 8 8 8 8 8 8 8 2 p 8 8 8 8 8 8 8 8 8 8 2 p 8 8 8 8 8 8 8 8 8 8 2 p 8 8 8 8 8 8 8 8 8 8 2 p 8 8 8 8 8 8 8 8 8 8 2 p 8 8 8 8 8 8 8 8 8 8 
8 0 1 2 0 1 2 2 1 2 0 8 2 p 8 8 8 8 8 8 8 8 8 8 2 p 8 8 8 8 8 8 8 8 8 8 2 p 8 8 8 8 8 8 8 8 8 8 2 p 8 8 8 8 8 8 8 8 8 8 2 p 8 8 8 8 8 8 8 8 8 8 2 p 8 8 8 8 8 8 8 8 8 8 2 p 8 8 8 8 8 8 8 8 8 8 2 p 8 8 8 8 8 8 8 8 8 8 2 p 8 8 8 8 8 8 8 8 8 8 2 p 8 8 8 8 8 8 8 8 8 8 
8 0 1 0 0 1 2 1 1 2 1 8 2 p 8 8 8 8 8 8 8 8 8 8 2 p 8 8 8 8 8 8 8 8 8 8 2 p 8 8 8 8 8 8 8 8 8 8 2 p 8 8 8 8 8 8 8 8 8 8 2 p 8 8 8 8 8 8 8 8 8 8 2 p 8 8 8 8 8 8 8 8 8 8 2 p 8 8 8 8 8 8 8 8 8 8 2 p 8 8 8 8 8 8 8 8 8 8 2 p 8 8 8 8 8 8 8 8 8 8 2 p 8 8 8 8 8 8 8 8 8 8 2 p 8 8 8 8 8 8 8 8 8 8 2 p 8 8 8 8 8 8 8 8 8 8 2 p 8 8 8 8 8 8 8 8 8 8 2 p 8 8 8 8 8 8 8 8 8 8 2 p 8 8 8 8 8 8 8 8 8 8 2 p 8 8 8 8 8 8 8 8 8 8 2 p 8 8 8 8 8 8 8 8 8 8 2 p 8 8 8 8 8 8 8 8 8 8 2 p 8 8 8 8 8 8 8 8 8 8 2 p 8 8 8 8 8 8 8 8 8 8 2 p 8 8 8 8 8 8 8 8 8 8 
8 0 1 p 0 1 2 2 1 2 0 8 2 p 8 8 8 8 8 8 8 8 8 8 2 p 8 8 8 8 8 8 8 8 8 8 2 p 8 8 8 8 8 8 8 8 8 8 2 p 8 8 8 8 8 8 8 8 8 8 2 p 8 8 8 8 8 8 8 8 8 8 2 p 8 8 8 8 8 8 8 8 8 8 2 p 8 8 8 8 8 8 8 8 8 8 2 p 8 8 8 8 8 8 8 8 8 8 2 p 8 8 8 8 8 8 8 8 8 8 2 p 8 8 8 8 8 8 8 8 8 8 
8 0 2 1 p 2 2 0 1 2 0 8 2 p 8 8 8 8 8 8 8 8 8 8 2 p 8 8 8 8 8 8 8 8 8 8 2 p 8 8 8 8 8 8 8 8 8 8 2 p 8 8 8 8 8 8 8 8 8 8 2 p 8 8 8 8 8 8 8 8 8 8 2 p 8 8 8 8 8 8 8 8 8 8 2 p 8 8 8 8 8 8 8 8 8 8 2 p 8 8 8 8 8 8 8 8 8 8 2 p 8 8 8 8 8 8 8 8 8 8 2 p 8 8 8 8 8 8 8 8 8 8 
8 0 1 2 0 1 2 2 1 2 0 8 2 p 8 8 8 8 8 8 8 8 8 8 2 p 8 8 8 8 8 8 8 8 8 8 2 p 8 8 8 8 8 8 8 8 8 8 2 p 8 8 8 8 8 8 8 8 8 8 2 p 8 8 8 8 8 8 8 8 8 8 2 p 8 8 8 8 8 8 8 8 8 8 2 p 8 8 8 8 8 8 8 8 8 8 2 p 8 8 8 8 8 8 8 8 8 8 2 p 8 8 8 8 8 8 8 8 8 8 2 p 8 8 8 8 8 8 8 8 8 8 
8 0 1 0 0 1 2 1 1 2 1 8 2 p 8 8 8 8 8 8 8 8 8 8 2 p 8 8 8 8 8 8 8 8 8 8 2 p 8 8 8 8 8 8 8 8 8 8 2 p 8 8 8 8 8 8 8 8 8 8 2 p 8 8 8 8 8 8 8 8 8 8 2 p 8 8 8 8 8 8 8 8 8 8 2 p 8 8 8 8 8 8 8 8 8 8 2 p 8 8 8 8 8 8 8 8 8 8 2 p 8 8 8 8 8 8 8 8 8 8 2 p 8 8 8 8 8 8 8 8 8 8 2 p 8 8 8 8 8 8 8 8 8 8 2 p 8 8 8 8 8 8 8 8 8 8 2 p 8 8 8 8 8 8 8 8 8 8 2 p 8 8 8 8 8 8 8 8 8 8 2 p 8 8 8 8 8 8 8 8 8 8 2 p 8 8 8 8 8 8 8 8 8 8 2 p 8 8 8 8 8 8 8 8 8 8 2 p 8 8 8 8 8 8 8 8 8 8 2 p 8 8 8 8 8 8 8 8 8 8 2 p 8 8 8 8 8 8 8 8 8 8 2 p 8 8 8 8 8 8 8 8 8 8 
8 0 1 p 0 1 2 2 1 2 0 8 2 p 8 8 8 8 8 8 8 8 8 8 2 p 8 8 8 8 8 8 8 8 8 8 2 p 8 8 8 8 8 8 8 8 8 8 2 p 8 8 8 8 8 8 8 8 8 8 2 p 8 8 8 8 8 8 8 8 8 8 2 p 8 8 8 8 8 8 8 8 8 8 2 p 8 8 8 8 8 8 8 8 8 8 2 p 8 8 8 8 8 8 8 8 8 8 2 p 8 8 8 8 8 8 8 8 8 8 2 p 8 8 8 8 8 8 8 8 8 8 
8 0 2 1 p 2 2 0 1 2 0 8 2 p 8 8 8 8 8 8 8 8 8 8 2 p 8 8 8 8 8 8 8 8 8 8 2 p 8 8 8 8 8 8 8 8 8 8 2 p 8 8 8 8 8 8 8 8 8 8 2 p 8 8 8 8 8 8 8 8 8 8 2 p 8 8 8 8 8 8 8 8 8 8 2 p 8 8 8 8 8 8 8 8 8 8 2 p 8 8 8 8 8 8 8 8 8 8 2 p 8 8 8 8 8 8 8 8 8 8 2 p 8 8 8 8 8 8 8 8 8 8 
8 0 1 2 0 1 2 2 1 2 0 8 2 p 8 8 8 8 8 8 8 8 8 8 2 p 8 8 8 8 8 8 8 8 8 8 2 p 8 8 8 8 8 8 8 8 8 8 2 p 8 8 8 8 8 8 8 8 8 8 2 p 8 8 8 8 8 8 8 8 8 8 2 p 8 8 8 8 8 8 8 8 8 8 2 p 8 8 8 8 8 8 8 8 8 8 2 p 8 8 8 8 8 8 8 8 8 8 2 p 8 8 8 8 8 8 8 8 8 8 2 p 8 8 8 8 8 8 8 8 8 8 
8 0 1 0 0 1 2 1 1 2 1 8 2 p 8 8 8 8 8 8 8 8 8 8 2 p 8 8 8 8 8 8 8 8 8 8 2 p 8 8 8 8 8 8 8 8 8 8 2 p 8 8 8 8 8 8 8 8 8 8 2 p 8 8 8 8 8 8 8 8 8 8 2 p 8 8 8 8 8 8 8 8 8 8 2 p 8 8 8 8 8 8 8 8 8 8 2 p 8 8 8 8 8 8 8 8 8 8 2 p 8 8 8 8 8 8 8 8 8 8 2 p 8 8 8 8 8 8 8 8 8 8 2 p 8 8 8 8 8 8 8 8 8 8 2 p 8 8 8 8 8 8 8 8 8 8 2 p 8 8 8 8 8 8 8 8 8 8 2 p 8 8 8 8 8 8 8 8 8 8 2 p 8 8 8 8 8 8 8 8 8 8 2 p 8 8 8 8 8 8 8 8 8 8 2 p 8 8 8 8 8 8 8 8 8 8 2 p 8 8 8 8 8 8 8 8 8 8 2 p 8 8 8 8 8 8 8 8 8 8 2 p 8 8 8 8 8 8 8 8 8 8 2 p 8 8 8 8 8 8 8 8 8 8 
8 0 1 p 0 1 2 2 1 2 0 8 2 p 8 8 8 8 8 8 8 8 8 8 2 p 8 8 8 8 8 8 8 8 8 8 2 p 8 8 8 8 8 8 8 8 8 8 2 p 8 8 8 8 8 8 8 8 8 8 2 p 8 8 8 8 8 8 8 8 8 8 2 p 8 8 8 8 8 8 8 8 8 8 2 p 8 8 8 8 8 8 8 8 8 8 2 p 8 8 8 8 8 8 8 8 8 8 2 p 8 8 8 8 8 8 8 8 8 8 2 p 8 8 8 8 8 8 8 8 8 8 
8 0 2 1 p 2 2 0 1 2 0 8 2 p 8 8 8 8 8 8 8 8 8 8 2 p 8 8 8 8 8 8 8 8 8 8 2 p 8 8 8 8 8 8 8 8 8 8 2 p 8 8 8 8 8 8 8 8 8 8 2 p 8 8 8 8 8 8 8 8 8 8 2 p 8 8 8 8 8 8 8 8 8 8 2 p 8 8 8 8 8 8 8 8 8 8 2 p 8 8 8 8 8 8 8 8 8 8 2 p 8 8 8 8 8 8 8 8 8 8 2 p 8 8 8 8 8 8 8 8 8 8 
8 0 1 2 0 1 2 2 1 2 0 8 2 p 8 8 8 8 8 8 8 8 8 8 2 p 8 8 8 8 8 8 8 8 8 8 2 p 8 8 8 8 8 8 8 8 8 8 2 p 8 8 8 8 8 8 8 8 8 8 2 p 8 8 8 8 8 8 8 8 8 8 2 p 8 8 8 8 8 8 8 8 8 8 2 p 8 8 8 8 8 8 8 8 8 8 2 p 8 8 8 8 8 8 8 8 8 8 2 p 8 8 8 8 8 8 8 8 8 8 2 p 8 8 8 8 8 8 8 8 8 8 
8 0 1 0 0 1 2 1 1 2 1 8 2 p 8 8 8 8 8 8 8 8 8 8 2 p 8 8 8 8 8 8 8 8 8 8 2 p 8 8 8 8 8 8 8 8 8 8 2 p 8 8 8 8 8 8 8 8 8 8 2 p 8 8 8 8 8 8 8 8 8 8 2 p 8 8 8 8 8 8 8 8 8 8 2 p 8 8 8 8 8 8 8 8 8 8 2 p 8 8 8 8 8 8 8 8 8 8 2 p 8 8 8 8 8 8 8 8 8 8 2 p 8 8 8 8 8 8 8 8 8 8 2 p 8 8 8 8 8 8 8 8 8 8 2 p 8 8 8 8 8 8 8 8 8 8 2 p 8 8 8 8 8 8 8 8 8 8 2 p 8 8 8 8 8 8 8 8 8 8 2 p 8 8 8 8 8 8 8 8 8 8 2 p 8 8 8 8 8 8 8 8 8 8 2 p 8 8 8 8 8 8 8 8 8 8 2 p 8 8 8 8 8 8 8 8 8 8 2 p 8 8 8 8 8 8 8 8 8 8 2 p 8 8 8 8 8 8 8 8 8 8 2 p 8 8 8 8 8 8 8 8 8 8 
8 0 1 p 0 1 2 2 1 2 0 8 2 p 8 8 8 8 8 8 8 8 8 8 2 p 8 8 8 8 8 8 8 8 8 8 2 p 8 8 8 8 8 8 8 8 8 8 2 p 8 8 8 8 8 8 8 8 8 8 2 p 8 8 8 8 8 8 8 8 8 8 2 p 8 8 8 8 8 8 8 8 8 8 2 p 8 8 8 8 8 8 8 8 8 8 2 p 8 8 8 8 8 8 8 8 8 8 2 p 8 8 8 8 8 8 8 8 8 8 2 p 8 8 8 8 8 8 8 8 8 8 
8 0 2 1 p 2 2 0 1 2 0 8 2 p 8 8 8 8 8 8 8 8 8 8 2 p 8 8 8 8 8 8 8 8 8 8 2 p 8 8 8 8 8 8 8 8 8 8 2 p 8 8 8 8 8 8 8 8 8 8 2 p 8 8 8 8 8 8 8 8 8 8 2 p 8 8 8 8 8 8 8 8 8 8 2 p 8 8 8 8 8 8 8 8 8 8 2 p 8 8 8 8 8 8 8 8 8 8 2 p 8 8 8 8 8 8 8 8 8 8 2 p 8 8 8 8 8 8 8 8 8 8 
8 0 1 2 0 1 2 2 1 2 0 8 2 p 8 8 8 8 8 8 8 8 8 8 2 p 8 8 8 8 8 8 8 8 8 8 2 p 8 8 8 8 8 8 8 8 8 8 2 p 8 8 8 8 8 8 8 8 8 8 2 p 8 8 8 8 8 8 8 8 8 8 2 p 8 8 8 8 8 8 8 8 8 8 2 p 8 8 8 8 8 8 8 8 8 8 2 p 8 8 8 8 8 8 8 8 8 8 2 p 8 8 8 8 8 8 8 8 8 8 2 p 8 8 8 8 8 8 8 8 8 8 
8 0 1 0 0 1 2 1 1 2 1 8 2 p 8 8 8 8 8 8 8 8 8 8 2 p 8 8 8 8 8 8 8 8 8 8 2 p 8 8 8 8 8 8 8 8 8 8 2 p 8 8 8 8 8 8 8 8 8 8 2 p 8 8 8 8 8 8 8 8 8 8 2 p 8 8 8 8 8 8 8 8 8 8 2 p 8 8 8 8 8 8 8 8 8 8 2 p 8 8 8 8 8 8 8 8 8 8 2 p 8 8 8 8 8 8 8 8 8 8 2 p 8 8 8 8 8 8 8 8 8 8 2 p 8 8 8 8 8 8 8 8 8 8 2 p 8 8 8 8 8 8 8 8 8 8 2 p 8 8 8 8 8 8 8 8 8 8 2 p 8 8 8 8 8 8 8 8 8 8 2 p 8 8 8 8 8 8 8 8 8 8 2 p 8 8 8 8 8 8 8 8 8 8 2 p 8 8 8 8 8 8 8 8 8 8 2 p 8 8 8 8 8 8 8 8 8 8 2 p 8 8 8 8 8 8 8 8 8 8 2 p 8 8 8 8 8 8 8 8 8 8 2 p 8 8 8 8 8 8 8 8 8 8 
8 0 1 p 0 1 2 2 1 2 0 8 2 p 8 8 8 8 8 8 8 8 8 8 2 p 8 8 8 8 8 8 8 8 8 8 2 p 8 8 8 8 8 8 8 8 8 8 2 p 8 8 8 8 8 8 8 8 8 8 2 p 8 8 8 8 8 8 8 8 8 8 2 p 8 8 8 8 8 8 8 8 8 8 2 p 8 8 8 8 8 8 8 8 8 8 2 p 8 8 8 8 8 8 8 8 8 8 2 p 8 8 8 8 8 8 8 8 8 8 2 p 8 8 8 8 8 8 8 8 8 8 
8 0 2 1 p 2 2 0 1 2 0 8 2 p 8 8 8 8 8 8 8 8 8 8 2 p 8 8 8 8 8 8 8 8 8 8 2 p 8 8 8 8 8 8 8 8 8 8 2 p 8 8 8 8 8 8 8 8 8 8 2 p 8 8 8 8 8 8 8 8 8 8 2 p 8 8 8 8 8 8 8 8 8 8 2 p 8 8 8 8 8 8 8 8 8 8 2 p 8 8 8 8 8 8 8 8 8 8 2 p 8 8 8 8 8 8 8 8 8 8 2 p 8 8 8 8 8 8 8 8 8 8 
8 0 1 2 0 1 2 2 1 2 0 8 2 p 8 8 8 8 8 8 8 8 8 8 2 p 8 8 8 8 8 8 8 8 8 8 2 p 8 8 8 8 8 8 8 8 8 8 2 p 8 8 8 8 8 8 8 8 8 8 2 p 8 8 8 8 8 8 8 8 8 8 2 p 8 8 8 8 8 8 8 8 8 8 2 p 8 8 8 8 8 8 8 8 8 8 2 p 8 8 8 8 8 8 8 8 8 8 2 p 8 8 8 8 8 8 8 8 8 8 2 p 8 8 8 8 8 8 8 8 8 8 
8 0 1 0 0 1 2 1 1 2 1 8 2 p 8 8 8 8 8 8 8 8 8 8 2 p 8 8 8 8 8 8 8 8 8 8 2 p 8 8 8 8 8 8 8 8 8 8 2 p 8 8 8 8 8 8 8 8 8 8 2 p 8 8 8 8 8 8 8 8 8 8 2 p 8 8 8 8 8 8 8 8 8 8 2 p 8 8 8 8 8 8 8 8 8 8 2 p 8 8 8 8 8 8 8 8 8 8 2 p 8 8 8 8 8 8 8 8 8 8 2 p 8 8 8 8 8 8 8 8 8 8 2 p 8 8 8 8 8 8 8 8 8 8 2 p 8 8 8 8 8 8 8 8 8 8 2 p 8 8 8 8 8 8 8 8 8 8 2 p 8 8 8 8 8 8 8 8 8 8 2 p 8 8 8 8 8 8 8 8 8 8 2 p 8 8 8 8 8 8 8 8 8 8 2 p 8 8 8 8 8 8 8 8 8 8 2 p 8 8 8 8 8 8 8 8 8 8 2 p 8 8 8 8 8 8 8 8 8 8 2 p 8 8 8 8 8 8 8 8 8 8 2 p 8 8 8 8 8 8 8 8 8 8 
8 0 1 p 0 1 2 2 1 2 0 8 2 p 8 8 8 8 8 8 8 8 8 8 2 p 8 8 8 8 8 8 8 8 8 8 2 p 8 8 8 8 8 8 8 8 8 8 2 p 8 8 8 8 8 8 8 8 8 8 2 p 8 8 8 8 8 8 8 8 8 8 2 p 8 8 8 8 8 8 8 8 8 8 2 p 8 8 8 8 8 8 8 8 8 8 2 p 8 8 8 8 8 8 8 8 8 8 2 p 8 8 8 8 8 8 8 8 8 8 2 p 8 8 8 8 8 8 8 8 8 8 
8 0 2 1 p 2 2 0 1 2 0 8 2 p 8 8 8 8 8 8 8 8 8 8 2 p 8 8 8 8 8 8 8 8 8 8 2 p 8 8 8 8 8 8 8 8 8 8 2 p 8 8 8 8 8 8 8 8 8 8 2 p 8 8 8 8 8 8 8 8 8 8 2 p 8 8 8 8 8 8 8 8 8 8 2 p 8 8 8 8 8 8 8 8 8 8 2 p 8 8 8 8 8 8 8 8 8 8 2 p 8 8 8 8 8 8 8 8 8 8 2 p 8 8 8 8 8 8 8 8 8 8 
8 0 1 2 0 1 2 2 1 2 0 8 2 p 8 8 8 8 8 8 8 8 8 8 2 p 8 8 8 8 8 8 8 8 8 8 2 p 8 8 8 8 8 8 8 8 8 8 2 p 8 8 8 8 8 8 8 8 8 8 2 p 8 8 8 8 8 8 8 8 8 8 2 p 8 8 8 8 8 8 8 8 8 8 2 p 8 8 8 8 8 8 8 8 8 8 2 p 8 8 8 8 8 8 8 8 8 8 2 p 8 8 8 8 8 8 8 8 8 8 2 p 8 8 8 8 8 8 8 8 8 8 
8 0 1 0 0 1 2 1 1 2 1 8 2 p 8 8 8 8 8 8 8 8 8 8 2 p 8 8 8 8 8 8 8 8 8 8 2 p 8 8 8 8 8 8 8 8 8 8 2 p 8 8 8 8 8 8 8 8 8 8 2 p 8 8 8 8 8 8 8 8 8 8 2 p 8 8 8 8 8 8 8 8 8 8 2 p 8 8 8 8 8 8 8 8 8 8 2 p 8 8 8 8 8 8 8 8 8 8 2 p 8 8 8 8 8 8 8 8 8 8 2 p 8 8 8 8 8 8 8 8 8 8